0 0.05420374870300293
1 0.02422046661376953
2 0.03218507766723633
3 0.043120622634887695
4 0.02823162078857422
5 0.024089574813842773
6 0.04785728454589844
7 0.13385367393493652
8 0.019591093063354492
9 0.03682088851928711
10 0.03524518013000488
11 0.03816390037536621
12 0.07318973541259766
13 0.028674602508544922
14 0.03832364082336426
15 0.03431057929992676
16 0.02258753776550293
17 0.030905723571777344
18 0.12795448303222656
19 0.052924394607543945
20 0.017969369888305664
21 0.09107089042663574
22 0.03938865661621094
23 0.024773359298706055
24 0.017798900604248047
25 0.03643488883972168
26 0.026210546493530273
27 0.22194862365722656
28 0.03412461280822754
29 0.02895951271057129
30 0.05860424041748047
31 0.10029149055480957
32 0.08673620223999023
33 0.10026359558105469
34 0.018591880798339844
35 0.024845361709594727
36 0.026703357696533203
37 0.036428213119506836
38 0.026251792907714844
39 0.035643577575683594
40 0.037199974060058594
41 0.030821800231933594
42 0.03575611114501953
43 0.025862455368041992
44 0.683398962020874
45 0.05200338363647461
46 0.02260756492614746
47 0.015145301818847656
48 0.027167558670043945
49 0.029164791107177734
50 0.07907843589782715
51 0.18348145484924316
52 0.2118074893951416
53 0.09460806846618652
54 0.03381919860839844
55 0.06013226509094238
56 0.15923213958740234
57 0.06314659118652344
58 0.06315755844116211
59 0.039559364318847656
60 0.20330476760864258
61 0.03252673149108887
62 0.07796764373779297
63 0.15061640739440918
64 0.023035764694213867
65 0.025965452194213867
66 0.03998279571533203
67 0.024816036224365234
68 0.02352285385131836
69 0.04771304130554199
70 0.13165545463562012
71 0.18671822547912598
72 0.016640424728393555
73 0.054122209548950195
74 0.057863712310791016
75 0.0889291763305664
76 0.0368194580078125
77 0.025171279907226562
78 0.053095102310180664
79 0.035080671310424805
80 0.20244741439819336
81 0.048305511474609375
82 0.0322270393371582
83 0.028812170028686523
84 0.04012346267700195
85 0.1246347427368164
86 0.02340865135192871
87 0.1701498031616211
88 0.017935991287231445
89 0.019631385803222656
90 0.03113722801208496
91 0.1822659969329834
92 0.029429912567138672
93 0.04806375503540039
94 0.030892133712768555
95 0.08909201622009277
96 0.07940936088562012
97 0.18153715133666992
98 0.06231427192687988
99 0.21217036247253418
100 0.10559463500976562
101 0.16541528701782227
102 0.03808784484863281
103 0.04264664649963379
104 0.10852813720703125
105 0.06055116653442383
106 0.025420188903808594
107 0.051125288009643555
108 0.0557708740234375
109 0.0165555477142334
110 0.018201351165771484
111 0.040216684341430664
112 0.14818382263183594
113 0.020499467849731445
114 0.0174560546875
115 0.01879429817199707
116 0.03949737548828125
117 0.03873276710510254
118 0.0338747501373291
119 0.09388875961303711
120 0.033746957778930664
121 0.08672213554382324
122 0.01996779441833496
123 0.1615445613861084
124 0.0354762077331543
125 0.027684926986694336
126 0.05134224891662598
127 0.054921865463256836
128 0.06189393997192383
129 0.20422077178955078
130 0.04152107238769531
131 0.15816617012023926
132 0.04934191703796387
133 0.05333113670349121
134 0.06557703018188477
135 0.17258691787719727
136 0.018896818161010742
137 0.017374038696289062
138 0.08484411239624023
139 0.09862518310546875
140 0.025994300842285156
141 0.14841485023498535
142 0.05630993843078613
143 0.03854227066040039
144 0.0354769229888916
145 0.1053626537322998
146 0.02605295181274414
147 0.08613324165344238
148 0.0628361701965332
149 0.032946109771728516
150 0.01606440544128418
151 0.1259913444519043
152 0.01616811752319336
153 0.01696181297302246
154 0.014660120010375977
155 0.13384342193603516
156 0.05648994445800781
157 0.02594470977783203
158 0.016196489334106445
159 0.017383813858032227
160 0.09393453598022461
161 0.10529136657714844
162 0.028949975967407227
163 0.028146743774414062
164 0.03281140327453613
165 0.11629581451416016
166 0.034981727600097656
167 0.02792811393737793
168 0.05411577224731445
169 0.04531264305114746
170 0.049381256103515625
171 0.037291765213012695
172 0.024471759796142578
173 0.08783864974975586
174 0.01645660400390625
175 0.02336263656616211
176 0.04831194877624512
177 0.03160285949707031
178 0.0199737548828125
179 0.034265756607055664
180 0.03380441665649414
181 0.12433075904846191
182 0.07520413398742676
183 0.10402894020080566
184 0.07955670356750488
185 0.03547191619873047
186 0.1672675609588623
187 0.04472804069519043
188 0.0508725643157959
189 0.03857135772705078
190 0.030684471130371094
191 0.0275421142578125
192 0.07090306282043457
193 0.021784543991088867
194 0.17898964881896973
195 0.08171272277832031
196 0.03450727462768555
197 0.022359371185302734
198 0.04962658882141113
199 0.039365291595458984
200 0.03573417663574219
201 0.03147244453430176
202 0.037656545639038086
203 0.060581207275390625
204 70.84872603416443
0 27.5185329914093
1 41.72136378288269
2 29.73341417312622
3 39.923561811447144
4 26.863947868347168
5 25.736332178115845
6 38.996320486068726
7 142.6409502029419
8 25.851224184036255
9 27.298446655273438
10 23.198222398757935
11 27.360724925994873
12 73.77986001968384
13 28.19303250312805
14 37.20744705200195
15 26.305283784866333
16 26.229726791381836
17 26.62434697151184
18 138.2975137233734
19 55.519710302352905
20 27.21369957923889
21 89.67831683158875
22 31.005433559417725
23 30.927528619766235
24 23.007265090942383
25 55.06333327293396
26 39.01979994773865
27 287.5841066837311
28 27.608373403549194
29 27.392449140548706
30 77.50347352027893
31 171.13521313667297
32 153.84295964241028
33 186.61158061027527
34 27.509770393371582
35 41.9591224193573
36 23.448396921157837
37 41.87766075134277
38 28.54889726638794
39 42.26152062416077
40 25.629194021224976
41 27.68447208404541
42 28.30567979812622
43 26.58949089050293
44 92.707106590271
45 90.02009081840515
46 36.76623201370239
47 26.706932544708252
48 48.170058488845825
49 54.12555909156799
50 85.02957248687744
51 229.66828989982605
52 258.95591497421265
53 88.0342481136322
54 27.3597993850708
55 47.48580241203308
56 211.74268245697021
57 54.94788074493408
58 54.71041202545166
59 27.233346700668335
60 258.08753633499146
61 26.430846691131592
62 70.06875681877136
63 233.06792545318604
64 26.723291873931885
65 39.57485365867615
66 34.72151970863342
67 28.011197805404663
68 28.059706687927246
69 58.66194534301758
70 127.80262970924377
71 265.05387330055237
72 27.820512771606445
73 97.13212633132935
74 61.072272539138794
75 129.53763723373413
76 56.910542726516724
77 40.56634569168091
78 93.59659814834595
79 28.59586763381958
80 256.3296778202057
81 38.888163805007935
82 25.967822551727295
83 26.642157316207886
84 28.27391481399536
85 126.18332695960999
86 28.856945037841797
87 198.00905442237854
88 26.491991996765137
89 26.484632968902588
90 26.415436506271362
91 272.15419244766235
92 26.43552875518799
93 54.22443413734436
94 23.469971418380737
95 88.32995700836182
96 73.25206995010376
97 266.63713216781616
98 50.98303985595703
99 265.5205464363098
100 189.92459726333618
101 198.04981350898743
102 27.495001077651978
103 31.68583345413208
104 127.1177442073822
105 48.62027049064636
106 23.393133640289307
107 62.92722988128662
108 87.56138610839844
109 26.151932954788208
110 26.986919403076172
111 29.807060718536377
112 189.99556255340576
113 26.24984049797058
114 26.984488248825073
115 29.807291984558105
116 28.444047212600708
117 34.64246892929077
118 25.905105590820312
119 107.94403862953186
120 26.294971466064453
121 123.50985622406006
122 32.212119817733765
123 290.70313692092896
124 29.5965473651886
125 26.948657274246216
126 46.50125575065613
127 45.11637306213379
128 49.3777277469635
129 247.01955938339233
130 30.817501544952393
131 184.10419511795044
132 77.06647109985352
133 40.559295654296875
134 72.61245107650757
135 224.71323037147522
136 30.459840297698975
137 27.822056770324707
138 151.80108308792114
139 97.64647722244263
140 30.994370460510254
141 255.92989468574524
142 45.99627351760864
143 30.27699589729309
144 27.34722900390625
145 101.42341208457947
146 35.286521196365356
147 144.7936246395111
148 109.77449417114258
149 28.29806423187256
150 23.882712364196777
151 114.14721465110779
152 25.953391551971436
153 27.400876760482788
154 23.212121963500977
155 172.5218505859375
156 92.60909581184387
157 44.111414670944214
158 27.477586030960083
159 27.51859474182129
160 169.46604895591736
161 116.5637755393982
162 23.108354330062866
163 28.934865474700928
164 27.268567323684692
165 179.33638644218445
166 28.360740423202515
167 27.700043201446533
168 44.03000998497009
169 33.40853190422058
170 47.93398571014404
171 44.555755376815796
172 32.70645880699158
173 145.23328804969788
174 26.34317684173584
175 39.196592807769775
176 65.93221926689148
177 27.565164804458618
178 27.0299391746521
179 46.813191413879395
180 25.888142347335815
181 159.27167081832886
182 66.68113160133362
183 101.260986328125
184 71.47247838973999
185 26.1440532207489
186 188.30007481575012
187 35.43704581260681
188 52.774250984191895
189 27.125277042388916
190 26.249084949493408
191 26.62671160697937
192 71.1739821434021
193 26.10007953643799
194 269.11208605766296
195 72.96945834159851
196 39.201995849609375
197 26.380330562591553
198 69.48680830001831
199 63.23988890647888
200 29.592756032943726
201 26.890116691589355
202 28.488065481185913
203 48.283820390701294
204 125.12332201004028
0 27.71698760986328
1 42.745829582214355
2 30.51548409461975
3 39.85346269607544
4 27.44685196876526
5 25.9699969291687
6 39.17208123207092
7 143.22056484222412
8 25.81898331642151
9 26.92487120628357
10 23.077707052230835
11 27.196796655654907
12 73.71860814094543
13 28.055267572402954
14 36.62072563171387
15 25.985407829284668
16 25.933583736419678
17 26.66944670677185
18 137.31218934059143
19 55.11278057098389
20 27.13732600212097
21 88.95778131484985
22 30.799248695373535
23 30.467182636260986
24 23.255937099456787
25 53.76953840255737
26 38.45564103126526
27 285.49966955184937
28 27.264631032943726
29 26.817243337631226
30 76.87286758422852
31 168.9096314907074
32 152.129292011261
33 183.16876006126404
34 27.17695116996765
35 40.899319887161255
36 23.28341841697693
37 41.15567374229431
38 27.565541982650757
39 42.0375874042511
40 24.81582546234131
41 27.414384603500366
42 28.3046817779541
43 25.55073618888855
44 90.74722266197205
45 89.72535252571106
46 35.96580100059509
47 26.314805269241333
48 47.95835781097412
49 53.11804509162903
50 83.69196486473083
51 227.7948076725006
52 256.2960705757141
53 87.18291425704956
54 27.520981788635254
55 46.58100771903992
56 209.80474066734314
57 54.49927568435669
58 53.52063512802124
59 27.314554452896118
60 254.61888337135315
61 26.002347469329834
62 68.89025807380676
63 228.73297238349915
64 26.135008811950684
65 38.912911891937256
66 34.36200976371765
67 27.631451845169067
68 28.050376653671265
69 57.10888648033142
70 126.19149708747864
71 260.97674083709717
72 27.36881709098816
73 96.07757925987244
74 60.65739679336548
75 127.250412940979
76 55.80085730552673
77 40.18787384033203
78 92.34607553482056
79 28.17156958580017
80 252.80867981910706
81 38.603753328323364
82 26.0885169506073
83 26.40113377571106
84 27.809319257736206
85 124.83086204528809
86 28.782541036605835
87 195.10549569129944
88 26.116543292999268
89 26.338072061538696
90 26.054049015045166
91 270.1213974952698
92 25.90535545349121
93 54.87737560272217
94 23.028367042541504
95 87.18879675865173
96 72.09888243675232
97 263.60664343833923
98 51.897265672683716
99 262.8013541698456
100 188.15766215324402
101 196.61130332946777
102 27.10735249519348
103 31.820350408554077
104 125.85174918174744
105 48.31429600715637
106 23.588637828826904
107 62.5012481212616
108 87.84027791023254
109 26.14390778541565
110 26.6295223236084
111 29.568417072296143
112 190.66140508651733
113 26.21247625350952
114 27.70406198501587
115 29.892155170440674
116 28.498040437698364
117 34.53130888938904
118 26.277172565460205
119 107.19391012191772
120 26.36873745918274
121 123.8934051990509
122 31.565338373184204
123 289.1730406284332
124 29.73291516304016
125 26.325960874557495
126 45.69726610183716
127 44.8047080039978
128 48.503042221069336
129 246.40652561187744
130 30.383211851119995
131 183.40777683258057
132 75.94368004798889
133 40.28976106643677
134 72.1936047077179
135 224.2543363571167
136 30.448369026184082
137 27.56358051300049
138 150.63586950302124
139 96.9333348274231
140 30.328545808792114
141 254.07735657691956
142 45.873746156692505
143 30.112783193588257
144 27.044260025024414
145 100.78683972358704
146 35.02106738090515
147 143.59850096702576
148 108.22289776802063
149 27.87795877456665
150 23.959099054336548
151 113.29581832885742
152 25.958468437194824
153 27.296918869018555
154 22.936218976974487
155 170.94217228889465
156 92.87287139892578
157 43.981791734695435
158 26.92372155189514
159 27.676401615142822
160 168.3545696735382
161 116.90527844429016
162 23.17658257484436
163 28.149707317352295
164 26.963589191436768
165 179.18715691566467
166 28.069194555282593
167 27.52340316772461
168 44.13655495643616
169 33.56631541252136
170 47.4503333568573
171 45.24002146720886
172 33.234659910202026
173 145.01347088813782
174 26.141035318374634
175 39.513686180114746
176 65.07079339027405
177 27.775794982910156
178 27.09612798690796
179 45.97618794441223
180 26.02754497528076
181 159.10985326766968
182 66.2582221031189
183 100.65168166160583
184 71.41611075401306
185 25.660401821136475
186 187.0157811641693
187 35.35781908035278
188 52.050410985946655
189 27.02835202217102
190 26.553301334381104
191 26.35623073577881
192 70.58895540237427
193 26.0547034740448
194 267.8490331172943
195 71.71060061454773
196 39.603023290634155
197 25.743578910827637
198 69.41979050636292
199 62.224743127822876
200 29.131588459014893
201 26.620134353637695
202 28.15482473373413
203 47.743579387664795
204 122.34057688713074
0 27.746915578842163
1 42.02041530609131
2 29.83742070198059
3 40.12865114212036
4 26.88777995109558
5 25.561708211898804
6 38.770551919937134
7 142.68247079849243
8 25.699403285980225
9 27.004864931106567
10 23.10742998123169
11 26.803879022598267
12 73.38955903053284
13 28.06983995437622
14 36.41681885719299
15 25.90140128135681
16 26.1094229221344
17 26.298765182495117
18 137.4973349571228
19 55.20622658729553
20 26.85050344467163
21 88.7450864315033
22 30.67854404449463
23 30.492504119873047
24 22.985421180725098
25 54.678293228149414
26 38.16110682487488
27 284.699667930603
28 27.252501249313354
29 27.398938417434692
30 76.41822171211243
31 169.0160858631134
32 150.98315000534058
33 183.18855714797974
34 27.071596384048462
35 41.02254581451416
36 23.027982473373413
37 40.970709562301636
38 27.623600482940674
39 41.69106936454773
40 24.900057077407837
41 27.09110975265503
42 27.807581663131714
43 26.03253698348999
44 90.31491088867188
45 88.56879448890686
46 36.05108380317688
47 26.293285608291626
48 46.95647430419922
49 53.01369285583496
50 83.38417911529541
51 227.1099956035614
52 255.51368355751038
53 87.47547030448914
54 26.763447761535645
55 46.74370765686035
56 208.8917486667633
57 54.52485799789429
58 53.99516320228577
59 26.8539719581604
60 254.45453190803528
61 25.9965558052063
62 68.38953804969788
63 229.19603657722473
64 26.039883613586426
65 39.42255902290344
66 33.74614334106445
67 27.406035900115967
68 27.66660237312317
69 57.36697578430176
70 125.69462823867798
71 260.1215469837189
72 27.145030975341797
73 95.16383385658264
74 59.88465070724487
75 127.22813725471497
76 55.61387753486633
77 39.90173411369324
78 91.7306272983551
79 28.22549033164978
80 252.03652048110962
81 38.3676483631134
82 25.547166109085083
83 26.077247619628906
84 28.05243444442749
85 123.76672387123108
86 28.462058305740356
87 195.29483032226562
88 26.072636604309082
89 26.081778049468994
90 25.812458753585815
91 267.5721523761749
92 26.071256637573242
93 54.44902467727661
94 23.279451847076416
95 86.97578644752502
96 71.56373238563538
97 262.7391095161438
98 50.33527445793152
99 261.73755288124084
100 187.31986260414124
101 195.60323762893677
102 27.133747816085815
103 30.901156663894653
104 126.09547257423401
105 48.13310217857361
106 23.00260353088379
107 62.07312202453613
108 86.81748056411743
109 25.95710778236389
110 26.55727791786194
111 29.5489342212677
112 189.02414965629578
113 26.151572465896606
114 27.080711603164673
115 30.000792980194092
116 28.20693039894104
117 34.766862869262695
118 25.92022132873535
119 106.67315912246704
120 25.871387243270874
121 123.47758984565735
122 31.82551860809326
123 288.6359829902649
124 28.933005571365356
125 26.65010380744934
126 46.09573483467102
127 44.91638517379761
128 48.93452835083008
129 244.51148509979248
130 30.749103784561157
131 182.38297843933105
132 75.53544449806213
133 40.24863386154175
134 71.92913818359375
135 222.2637906074524
136 30.009340524673462
137 27.13584542274475
138 148.94276642799377
139 95.91297960281372
140 30.661613702774048
141 251.81503915786743
142 45.535526275634766
143 29.86314868927002
144 27.080746173858643
145 99.61078310012817
146 34.8175094127655
147 142.65423154830933
148 107.76073026657104
149 28.32098126411438
150 23.99980926513672
151 112.72384929656982
152 25.6022047996521
153 27.20560574531555
154 23.14857530593872
155 171.55315899848938
156 92.35479068756104
157 43.628644704818726
158 27.162684202194214
159 27.326409578323364
160 167.7089443206787
161 116.17403626441956
162 22.876616716384888
163 28.238073348999023
164 27.02018165588379
165 176.4964017868042
166 27.45258903503418
167 27.22086453437805
168 43.3139865398407
169 32.89179086685181
170 46.97321105003357
171 44.33233070373535
172 32.34303331375122
173 142.38959288597107
174 26.023879051208496
175 39.17178678512573
176 65.04540157318115
177 27.41918420791626
178 26.64060091972351
179 45.82042717933655
180 25.55266833305359
181 156.68987917900085
182 65.8319673538208
183 100.56072306632996
184 70.4014220237732
185 25.686129093170166
186 185.6148579120636
187 35.58735704421997
188 51.44378995895386
189 26.805351972579956
190 26.10266351699829
191 26.25080156326294
192 70.11851859092712
193 25.716325044631958
194 265.751935005188
195 71.53820776939392
196 38.79205513000488
197 25.62418794631958
198 69.06144309043884
199 61.95294117927551
200 28.937596321105957
201 26.533906936645508
202 27.944087505340576
203 47.781893730163574
204 122.63399934768677
0 27.472191095352173
1 42.04098033905029
2 29.960967779159546
3 39.865265130996704
4 26.92739987373352
5 25.548628330230713
6 38.80353021621704
7 141.02281832695007
8 25.351280212402344
9 26.51092004776001
10 22.61924386024475
11 26.663256645202637
12 72.20200705528259
13 27.394228219985962
14 35.69406509399414
15 25.543164491653442
16 25.3365261554718
17 26.0851731300354
18 134.02935433387756
19 54.35763645172119
20 26.562934160232544
21 87.50345039367676
22 30.379058837890625
23 30.438000440597534
24 22.86736559867859
25 53.792571783065796
26 37.744327783584595
27 281.98469614982605
28 26.847370862960815
29 26.67043685913086
30 75.96670889854431
31 167.3825011253357
32 149.82751512527466
33 182.06268167495728
34 26.97537112236023
35 40.67017221450806
36 23.565709829330444
37 40.96731948852539
38 27.09548330307007
39 41.49764442443848
40 24.509263277053833
41 26.889130353927612
42 28.06510901451111
43 25.4000825881958
44 90.52564716339111
45 89.43657493591309
46 35.97342562675476
47 25.66930055618286
48 47.61222863197327
49 52.47100901603699
50 81.22631859779358
51 224.09061121940613
52 251.4800410270691
53 84.88843417167664
54 26.850754976272583
55 45.67804145812988
56 206.1424810886383
57 53.35817742347717
58 52.50848460197449
59 26.477514266967773
60 250.58219265937805
61 25.30717372894287
62 67.3059823513031
63 225.3358612060547
64 25.776789665222168
65 38.579946517944336
66 34.27981925010681
67 26.645873069763184
68 27.483463525772095
69 56.71462893486023
70 124.27534174919128
71 257.6345286369324
72 26.67170524597168
73 94.72055840492249
74 59.722800970077515
75 126.1883225440979
76 55.15043568611145
77 39.82065558433533
78 91.16024136543274
79 27.659623622894287
80 250.27016973495483
81 37.93894934654236
82 25.663142442703247
83 26.09608483314514
84 27.310606002807617
85 121.79403853416443
86 28.384626865386963
87 193.59051394462585
88 25.849684238433838
89 26.322237253189087
90 25.565979480743408
91 264.78083634376526
92 25.688287019729614
93 53.833693504333496
94 22.61510181427002
95 86.26450800895691
96 71.1987943649292
97 261.52514481544495
98 50.612035274505615
99 259.9051434993744
100 186.96352458000183
101 193.80115294456482
102 26.68030023574829
103 31.415723085403442
104 124.11455416679382
105 48.18211007118225
106 23.05284810066223
107 61.75011849403381
108 87.00540328025818
109 25.53214120864868
110 26.285992860794067
111 29.08065128326416
112 188.61782026290894
113 25.899297952651978
114 26.907859325408936
115 29.533812761306763
116 28.256365060806274
117 34.403403997421265
118 25.469728708267212
119 105.28310871124268
120 25.4096097946167
121 120.99002432823181
122 31.355831146240234
123 284.83150482177734
124 29.196874380111694
125 25.718774795532227
126 45.2043035030365
127 43.82886552810669
128 47.91459035873413
129 241.86276841163635
130 29.64911389350891
131 180.6059889793396
132 74.94864153862
133 39.504902839660645
134 70.86685681343079
135 219.20015144348145
136 30.013739347457886
137 27.19402313232422
138 148.03732299804688
139 95.24365711212158
140 30.001011610031128
141 250.30000972747803
142 45.11258363723755
143 29.77509093284607
144 26.635597705841064
145 99.1742753982544
146 34.2771852016449
147 141.05423259735107
148 105.79367065429688
149 27.577868223190308
150 23.366836071014404
151 110.77245616912842
152 25.278186321258545
153 26.736579179763794
154 22.455042839050293
155 166.87437224388123
156 90.68830275535583
157 42.85544753074646
158 26.124877452850342
159 27.452994108200073
160 164.32465243339539
161 114.60021662712097
162 22.601720809936523
163 27.39050817489624
164 26.52919030189514
165 174.55683755874634
166 27.47215962409973
167 26.656983613967896
168 42.624404191970825
169 32.4356791973114
170 46.60648536682129
171 43.54678249359131
172 31.96046018600464
173 140.33891439437866
174 25.511494398117065
175 38.68860125541687
176 64.36806011199951
177 27.475776195526123
178 26.773401975631714
179 45.14704155921936
180 25.644241094589233
181 154.84642601013184
182 65.08067297935486
183 100.08217763900757
184 70.54922533035278
185 25.166378259658813
186 185.00936937332153
187 34.753119230270386
188 51.03359937667847
189 26.553086757659912
190 26.213865280151367
191 25.92948317527771
192 70.04845333099365
193 25.686681032180786
194 264.2381727695465
195 70.30358529090881
196 38.74239659309387
197 25.058879613876343
198 68.19933700561523
199 61.09889268875122
200 28.684568643569946
201 26.052144289016724
202 27.44363832473755
203 47.062784910202026
204 120.22606921195984
0 27.202396154403687
1 41.03831219673157
2 29.412373065948486
3 39.14609122276306
4 26.29581379890442
5 25.236239194869995
6 38.06285858154297
7 139.13651847839355
8 25.152980089187622
9 26.44491410255432
10 22.641559600830078
11 26.303460121154785
12 71.70563554763794
13 27.656587839126587
14 35.71480178833008
15 25.360076189041138
16 25.734006643295288
17 25.63388156890869
18 133.81418132781982
19 53.77286458015442
20 26.28740429878235
21 87.02523064613342
22 29.74093508720398
23 29.895874500274658
24 22.26613712310791
25 53.40337872505188
26 37.67556142807007
27 278.1865482330322
28 26.582560539245605
29 26.579773664474487
30 74.54081058502197
31 165.5358431339264
32 147.7330400943756
33 179.00443124771118
34 26.409478902816772
35 40.53718018531799
36 22.43656086921692
37 40.073548793792725
38 28.099818229675293
39 40.900734424591064
40 24.526344060897827
41 27.08651113510132
42 27.240498781204224
43 25.548183917999268
44 89.25287508964539
45 86.48824405670166
46 35.50153660774231
47 25.639211416244507
48 46.33583998680115
49 52.419416666030884
50 81.72704267501831
51 221.88022804260254
52 250.05879855155945
53 85.06862783432007
54 26.630368947982788
55 45.828792095184326
56 203.7522578239441
57 53.10818839073181
58 52.61421608924866
59 26.13128089904785
60 248.93616604804993
61 25.44711709022522
62 67.08854460716248
63 225.55915880203247
64 25.734507083892822
65 38.13058423995972
66 33.218427896499634
67 26.921646118164062
68 26.89029359817505
69 56.699786901474
70 123.42285490036011
71 255.06619095802307
72 27.174931526184082
73 93.30905652046204
74 59.262760639190674
75 124.75489354133606
76 54.739373207092285
77 39.61536693572998
78 89.62911295890808
79 27.580487489700317
80 247.9818823337555
81 37.72216773033142
82 25.324668407440186
83 25.968860149383545
84 27.90684938430786
85 122.37343788146973
86 27.668729782104492
87 191.3183672428131
88 25.674874544143677
89 25.65400195121765
90 25.36447787284851
91 264.1971879005432
92 25.713291883468628
93 53.33286380767822
94 22.768277406692505
95 85.04038166999817
96 71.0232400894165
97 259.341025352478
98 49.604626417160034
99 258.29832220077515
100 186.14877557754517
101 192.4403510093689
102 26.996718168258667
103 30.716070413589478
104 123.28207492828369
105 47.45575284957886
106 22.80532670021057
107 61.34902238845825
108 85.73112988471985
109 25.592979192733765
110 26.360235691070557
111 29.307761430740356
112 186.77033519744873
113 25.775235414505005
114 26.79470658302307
115 29.26973295211792
116 27.793538331985474
117 34.25891661643982
118 25.871816635131836
119 105.19666337966919
120 25.712787628173828
121 121.3914864063263
122 31.285409927368164
123 283.16893792152405
124 28.82126522064209
125 26.296608209609985
126 45.32658910751343
127 43.672752380371094
128 47.87151575088501
129 242.1388440132141
130 30.163978338241577
131 178.96107935905457
132 74.38760161399841
133 39.734288930892944
134 70.55438733100891
135 219.6571056842804
136 29.355599403381348
137 27.200658321380615
138 147.15863466262817
139 94.77304887771606
140 30.000734567642212
141 248.58429336547852
142 44.73374533653259
143 29.520461559295654
144 26.424777269363403
145 101.71191191673279
146 37.2254421710968
147 154.71229910850525
148 114.0132372379303
149 28.113099575042725
150 23.464277267456055
151 114.04725956916809
152 25.870821237564087
153 29.357048511505127
154 23.45164680480957
155 178.70758843421936
156 99.89978456497192
157 43.63219141960144
158 29.919445753097534
159 27.632308959960938
160 191.6638412475586
161 115.983473777771
162 23.028324127197266
163 28.55762529373169
164 26.65569829940796
165 177.12895560264587
166 27.42752456665039
167 27.387260675430298
168 44.049761056900024
169 33.2240777015686
170 47.058542013168335
171 44.84423208236694
172 34.72629117965698
173 144.56894874572754
174 26.192078351974487
175 39.50325965881348
176 66.55332612991333
177 27.726646900177002
178 27.205862522125244
179 46.41939067840576
180 26.001801013946533
181 158.94258189201355
182 66.42127537727356
183 99.84707927703857
184 71.61035585403442
185 26.111494064331055
186 190.40603017807007
187 35.426748275756836
188 54.34576058387756
189 27.62567925453186
190 26.559678077697754
191 27.128093957901
192 73.69928216934204
193 28.891884326934814
194 289.0501034259796
195 76.11892676353455
196 43.95632338523865
197 27.76184368133545
198 74.31985878944397
199 67.69072031974792
200 29.932963609695435
201 27.445924758911133
202 29.01983642578125
203 49.79509472846985
204 126.29976987838745
0 27.149246215820312
1 41.81090807914734
2 29.716439485549927
3 39.329405307769775
4 26.61976909637451
5 24.986632347106934
6 38.0652973651886
7 139.43222904205322
8 25.333332777023315
9 26.582936763763428
10 22.910714864730835
11 26.48094868659973
12 71.35276532173157
13 27.379650592803955
14 35.83781027793884
15 25.54387593269348
16 25.179471492767334
17 25.834409713745117
18 133.94178986549377
19 54.11113953590393
20 26.308850049972534
21 86.5943558216095
22 29.569536924362183
23 30.049254894256592
24 22.629549264907837
25 53.43491983413696
26 37.153895139694214
27 279.31587505340576
28 26.986656188964844
29 26.33469581604004
30 75.71547603607178
31 165.501770734787
32 148.89645266532898
33 179.72528743743896
34 26.697938680648804
35 40.413811683654785
36 22.819940090179443
37 40.269885778427124
38 26.91861128807068
39 41.06143260002136
40 24.444714069366455
41 26.478902101516724
42 27.35375452041626
43 25.22531485557556
44 89.06212067604065
45 86.88975954055786
46 35.095133543014526
47 25.566843509674072
48 47.41650986671448
49 51.78883123397827
50 81.83987069129944
51 222.53732872009277
52 253.83358120918274
53 90.67470407485962
54 27.047650575637817
55 45.76876902580261
56 212.82578563690186
57 56.52406573295593
58 54.30233359336853
59 27.22905445098877
60 263.439195394516
61 26.167268991470337
62 71.15187501907349
63 234.46329855918884
64 28.41068744659424
65 43.112765312194824
66 34.190739154815674
67 27.19889521598816
68 29.5009822845459
69 59.50939917564392
70 128.96588587760925
71 273.17908000946045
72 31.230252504348755
73 100.42810273170471
74 62.97419238090515
75 135.0427052974701
76 59.04172730445862
77 40.33709788322449
78 99.60620999336243
79 28.875674724578857
80 271.28105545043945
81 43.103376388549805
82 26.241989850997925
83 28.465646982192993
84 30.148179292678833
85 131.50896191596985
86 31.81901717185974
87 207.1311960220337
88 26.46273183822632
89 28.444355249404907
90 26.301004648208618
91 285.1844024658203
92 26.536860942840576
93 60.82677865028381
94 23.0934100151062
95 94.5407600402832
96 76.7314624786377
97 277.2842264175415
98 56.13364911079407
99 278.67376828193665
100 200.38852071762085
101 204.27041125297546
102 29.88367509841919
103 33.88003921508789
104 134.11661624908447
105 51.309958696365356
106 26.667073965072632
107 66.80481195449829
108 89.74055695533752
109 28.132867097854614
110 28.05496096611023
111 32.16917634010315
112 199.41700792312622
113 28.181806325912476
114 29.131860971450806
115 30.154810428619385
116 31.03921604156494
117 35.15050196647644
118 28.876152753829956
119 113.57476997375488
120 27.80200219154358
121 129.1485505104065
122 33.24114179611206
123 311.6759190559387
124 31.802226066589355
125 28.61866593360901
126 48.96612238883972
127 49.577717781066895
128 53.32833981513977
129 260.2304644584656
130 30.501107931137085
131 196.26814937591553
132 80.50323748588562
133 42.695189237594604
134 75.82067084312439
135 239.23808217048645
136 32.43230223655701
137 29.50892162322998
138 160.82663011550903
139 101.09211897850037
140 30.672311067581177
141 270.288211107254
142 50.73827338218689
143 30.109761953353882
144 27.265066623687744
145 108.24251770973206
146 37.06186819076538
147 150.71300649642944
148 114.65401220321655
149 28.13653826713562
150 25.902948141098022
151 115.7172601222992
152 26.0175724029541
153 29.217576265335083
154 25.177228212356567
155 180.92495274543762
156 97.66265416145325
157 46.033353328704834
158 29.036818027496338
159 30.080376148223877
160 177.2729811668396
161 122.97559070587158
162 25.106281518936157
163 30.251163721084595
164 27.168054580688477
165 185.61318683624268
166 28.787893772125244
167 27.311493635177612
168 45.66378331184387
169 34.87728810310364
170 49.761767625808716
171 48.28748297691345
172 35.05385613441467
173 149.34752702713013
174 27.191105842590332
175 41.37851357460022
176 67.48804068565369
177 29.38644289970398
178 29.153565168380737
179 48.16972041130066
180 27.9912052154541
181 165.14520692825317
182 70.33494997024536
183 103.40917706489563
184 75.38414192199707
185 28.716259241104126
186 195.30807518959045
187 35.10243463516235
188 54.30415868759155
189 29.932207107543945
190 27.020906686782837
191 27.25005602836609
192 76.59404516220093
193 26.116204977035522
194 276.83997797966003
195 74.35960459709167
196 40.111549377441406
197 27.18846893310547
198 72.83150935173035
199 64.10042023658752
200 31.41804552078247
201 26.326915740966797
202 28.158161401748657
203 48.44713354110718
204 129.62791633605957
0 29.505098819732666
1 41.54997253417969
2 30.419829607009888
3 40.005603551864624
4 28.949626445770264
5 25.71126389503479
6 41.490050077438354
7 148.0273413658142
8 25.645813465118408
9 26.880277633666992
10 25.32621479034424
11 26.760148286819458
12 75.41532850265503
13 27.974374055862427
14 36.38259816169739
15 27.69288420677185
16 28.06090998649597
17 28.19165277481079
18 138.45473456382751
19 54.737818241119385
20 29.11991572380066
21 94.69753217697144
22 30.73934578895569
23 30.25646209716797
24 22.622039318084717
25 54.92595672607422
26 39.676252126693726
27 292.9420783519745
28 28.97736167907715
29 27.24558401107788
30 79.01845526695251
31 175.08733654022217
32 153.51762008666992
33 187.8521740436554
34 26.97118306159973
35 43.24704194068909
36 25.24142098426819
37 43.09787917137146
38 27.586572647094727
39 41.992326498031616
40 27.328908681869507
41 27.27648115158081
42 27.80986738204956
43 25.85975170135498
44 92.47581005096436
45 88.07743692398071
46 36.47860622406006
47 28.82586121559143
48 49.65253138542175
49 52.996458768844604
50 85.16122531890869
51 228.03194999694824
52 259.5999479293823
53 88.11996555328369
54 29.198911428451538
55 48.889185428619385
56 209.7166895866394
57 56.521395683288574
58 53.70522475242615
59 27.2142333984375
60 262.5017144680023
61 28.598769664764404
62 70.93562412261963
63 237.38410806655884
64 26.70233654975891
65 38.691415309906006
66 34.15215182304382
67 27.76625943183899
68 27.861999988555908
69 57.429540395736694
70 130.9611358642578
71 271.68050718307495
72 27.36154007911682
73 98.27017116546631
74 62.46253156661987
75 130.57021617889404
76 58.05779504776001
77 40.141467332839966
78 94.4663496017456
79 28.60212516784668
80 259.40019488334656
81 38.61411762237549
82 25.71607732772827
83 26.29419708251953
84 28.156389951705933
85 130.75329613685608
86 28.70716691017151
87 205.1835241317749
88 26.15462303161621
89 26.504680395126343
90 28.265448808670044
91 278.3491795063019
92 27.97200894355774
93 53.74663805961609
94 25.281500101089478
95 89.15508484840393
96 76.73990535736084
97 275.56006121635437
98 51.24003982543945
99 276.69073152542114
100 195.95752048492432
101 197.70484614372253
102 27.4055118560791
103 31.186803817749023
104 132.83625888824463
105 48.31141781806946
106 25.340147256851196
107 62.92917323112488
108 91.42564153671265
109 26.060152053833008
110 26.38914918899536
111 29.713810920715332
112 201.1604561805725
113 26.528183460235596
114 29.02789568901062
115 32.57370209693909
116 28.615556001663208
117 36.4375581741333
118 26.82906436920166
119 112.77706742286682
120 26.32825803756714
121 131.83032178878784
122 34.14466857910156
123 297.7931213378906
124 31.343174695968628
125 28.709147453308105
126 47.924293994903564
127 44.992613315582275
128 49.53630208969116
129 250.30437922477722
130 38.00241947174072
131 184.73181462287903
132 74.90572714805603
133 39.83759093284607
134 71.93174386024475
135 219.41286039352417
136 29.614655017852783
137 26.93844985961914
138 147.18084812164307
139 94.67755699157715
140 29.9415225982666
141 247.05124831199646
142 44.66656136512756
143 29.47618532180786
144 26.812476634979248
145 98.32035756111145
146 33.94555640220642
147 140.141259431839
148 106.01362919807434
149 27.34294557571411
150 23.53854489326477
151 111.28488421440125
152 25.10978126525879
153 26.651531219482422
154 22.485632181167603
155 167.47384643554688
156 90.3083438873291
157 42.868796825408936
158 26.516211986541748
159 26.726325035095215
160 164.60157680511475
161 113.49378943443298
162 22.509676694869995
163 27.633424282073975
164 26.297464609146118
165 173.24183440208435
166 27.103118181228638
167 26.818599700927734
168 42.85764813423157
169 32.15728783607483
170 45.961008071899414
171 43.71204733848572
172 31.94814658164978
173 140.3563940525055
174 25.463084936141968
175 38.82118010520935
176 63.16765546798706
177 26.734442949295044
178 26.28270435333252
179 45.34797549247742
180 25.253571033477783
181 154.08718919754028
182 65.61188554763794
183 98.84303569793701
184 69.02405405044556
185 25.74507474899292
186 182.38637685775757
187 34.05791401863098
188 51.13803291320801
189 26.511995315551758
190 25.839739561080933
191 26.04944682121277
192 69.08217263221741
193 25.424320459365845
194 260.7187201976776
195 70.8969099521637
196 38.46310830116272
197 25.563047409057617
198 67.63106036186218
199 61.223721504211426
200 28.639734745025635
201 25.933831453323364
202 27.05491280555725
203 47.45059037208557
204 121.0419614315033
0 26.69740581512451
1 41.2086718082428
2 29.30079674720764
3 39.3000123500824
4 26.432894229888916
5 25.204347610473633
6 37.76568055152893
7 139.86744618415833
8 25.153894662857056
9 26.2967848777771
10 22.515474319458008
11 26.266429662704468
12 71.70869731903076
13 27.156370639801025
14 35.68086242675781
15 25.441285848617554
16 25.590145111083984
17 25.928058862686157
18 133.45185613632202
19 53.846800088882446
20 26.466126918792725
21 85.80025005340576
22 29.796721935272217
23 29.99366068840027
24 22.434394121170044
25 52.635409355163574
26 37.53584146499634
27 279.57508277893066
28 26.765233516693115
29 26.121094226837158
30 75.33940362930298
31 165.6933398246765
32 149.12948870658875
33 180.13559532165527
34 26.426533460617065
35 40.63607048988342
36 23.58719277381897
37 40.52577042579651
38 27.156164407730103
39 40.972774505615234
40 24.100915670394897
41 26.703872203826904
42 27.528345108032227
43 25.278027534484863
44 88.42123675346375
45 87.09874391555786
46 35.443094968795776
47 25.57243299484253
48 46.54413437843323
49 52.070093870162964
50 81.79959225654602
51 223.40344762802124
52 250.5184187889099
53 85.38614153862
54 26.485552549362183
55 46.1357536315918
56 206.63220834732056
57 53.43402361869812
58 51.90248465538025
59 26.60470676422119
60 250.37795233726501
61 25.263081550598145
62 67.47422456741333
63 224.9647741317749
64 26.004852056503296
65 38.19609761238098
66 33.650834798812866
67 27.00448775291443
68 27.193419933319092
69 56.57893180847168
70 123.65137791633606
71 255.26540446281433
72 26.654983043670654
73 93.62755918502808
74 59.25678825378418
75 125.16109657287598
76 54.96370315551758
77 39.37333822250366
78 90.69571042060852
79 27.46414303779602
80 248.4630482196808
81 38.00829291343689
82 25.49898362159729
83 25.596835374832153
84 27.41751527786255
85 122.33452153205872
86 28.47480344772339
87 190.99694299697876
88 25.27769112586975
89 25.72523331642151
90 25.220953702926636
91 264.5580241680145
92 25.40903067588806
93 53.45497727394104
94 22.34772300720215
95 85.79008483886719
96 70.94506597518921
97 259.6257917881012
98 51.57163119316101
99 258.14582228660583
100 185.93442058563232
101 190.8406434059143
102 26.25065326690674
103 30.6004536151886
104 122.18128490447998
105 47.451823234558105
106 22.83617091178894
107 61.37847352027893
108 85.6525239944458
109 25.405765295028687
110 25.540936946868896
111 28.92181706428528
112 185.57795643806458
113 25.224777936935425
114 26.594364166259766
115 29.315190315246582
116 27.8584566116333
117 33.94083046913147
118 25.304837226867676
119 105.33198118209839
120 25.84610414505005
121 121.21547889709473
122 30.784714937210083
123 282.00483679771423
124 28.769188404083252
125 25.60847306251526
126 45.87014150619507
127 44.231675148010254
128 47.87127709388733
129 240.79010105133057
130 29.610546827316284
131 178.57458639144897
132 75.3559877872467
133 39.16502571105957
134 70.8131775856018
135 219.64623618125916
136 29.934698581695557
137 26.93177366256714
138 147.12266659736633
139 95.18798518180847
140 30.18254852294922
141 249.0503499507904
142 44.46150803565979
143 29.660763263702393
144 26.037089109420776
145 98.89342188835144
146 34.33461117744446
147 140.31237888336182
148 105.29005837440491
149 27.486971139907837
150 23.28153347969055
151 110.28219747543335
152 25.24267578125
153 26.45371103286743
154 22.848432779312134
155 166.67975044250488
156 90.73223376274109
157 42.70582318305969
158 26.173280715942383
159 27.73363709449768
160 164.82817482948303
161 114.20316290855408
162 22.23686909675598
163 27.446967601776123
164 26.328712224960327
165 173.7569704055786
166 27.289937257766724
167 26.520549297332764
168 42.8390679359436
169 32.32502317428589
170 46.08398723602295
171 44.043872117996216
172 31.79024577140808
173 140.58047676086426
174 25.59331965446472
175 38.93861961364746
176 63.456560373306274
177 27.398633241653442
178 26.880135774612427
179 45.1568820476532
180 25.658681392669678
181 154.73672366142273
182 64.85563254356384
183 98.8324327468872
184 70.03676295280457
185 25.117893934249878
186 183.14764618873596
187 34.402323484420776
188 50.932565450668335
189 26.358688354492188
190 25.63534712791443
191 25.963618278503418
192 70.05859541893005
193 25.568572998046875
194 263.05132818222046
195 70.98782134056091
196 39.43613004684448
197 26.27808427810669
198 69.04145693778992
199 61.89722228050232
200 28.564287185668945
201 26.38620924949646
202 27.440356254577637
203 47.36071705818176
204 120.76095628738403
0 27.393524885177612
1 41.350218057632446
2 29.777422189712524
3 39.652281045913696
4 26.578996181488037
5 25.004396438598633
6 38.20341515541077
7 139.6963472366333
8 25.370656728744507
9 26.231051206588745
10 22.63480257987976
11 26.360917329788208
12 71.24801397323608
13 27.440315008163452
14 35.58654451370239
15 25.679293394088745
16 25.3191397190094
17 26.2641282081604
18 134.22325897216797
19 54.55885577201843
20 26.477708101272583
21 87.29799318313599
22 29.93402910232544
23 29.95115828514099
24 22.097327947616577
25 53.74272656440735
26 37.073222637176514
27 279.189989566803
28 27.174673557281494
29 26.59841513633728
30 74.7578558921814
31 166.2416205406189
32 148.4320707321167
33 178.6452932357788
34 26.13186001777649
35 40.47813606262207
36 22.570053815841675
37 40.20025897026062
38 26.968849897384644
39 40.784672260284424
40 24.566702127456665
41 26.935199737548828
42 27.33375358581543
43 25.303881883621216
44 89.45713901519775
45 86.18417739868164
46 35.22962522506714
47 25.7943217754364
48 46.258561849594116
49 52.36831784248352
50 81.65327262878418
51 221.89098525047302
52 251.32232117652893
53 85.79261779785156
54 26.481700897216797
55 45.69282555580139
56 205.36465978622437
57 52.946544885635376
58 52.907432079315186
59 26.19798445701599
60 249.81117367744446
61 25.285250425338745
62 67.50166344642639
63 224.31750464439392
64 26.109193086624146
65 38.55779814720154
66 33.325303077697754
67 27.17127799987793
68 26.544984579086304
69 56.540446281433105
70 123.7458746433258
71 256.5687506198883
72 27.543453693389893
73 93.47290110588074
74 59.450345516204834
75 125.77483224868774
76 54.54905128479004
77 40.03822207450867
78 90.1120011806488
79 28.191229820251465
80 250.0658974647522
81 37.71268153190613
82 24.965975761413574
83 26.268315315246582
84 27.39822793006897
85 122.48507809638977
86 27.731467962265015
87 192.67160487174988
88 25.628628730773926
89 25.595906019210815
90 25.566433906555176
91 263.8677101135254
92 25.933229684829712
93 52.727564573287964
94 22.850877046585083
95 85.66563582420349
96 70.93701410293579
97 259.62013363838196
98 49.60944223403931
99 258.12906551361084
100 184.45333433151245
101 191.30372524261475
102 26.426470041275024
103 30.547993421554565
104 122.34709310531616
105 47.233394145965576
106 22.972126007080078
107 60.7812180519104
108 85.25719451904297
109 25.346035957336426
110 25.885705709457397
111 29.255295515060425
112 184.6364667415619
113 25.185128450393677
114 26.417579174041748
115 29.212104082107544
116 28.036872386932373
117 33.51884865760803
118 25.599149703979492
119 104.5039267539978
120 25.655571699142456
121 120.82698559761047
122 31.154077768325806
123 282.58903408050537
124 28.715999364852905
125 26.21657967567444
126 44.928420066833496
127 43.61614227294922
128 48.181450843811035
129 239.75058889389038
130 29.816711902618408
131 179.5887336730957
132 74.0698401927948
133 39.87522506713867
134 70.62393045425415
135 219.20802807807922
136 29.535097122192383
137 26.955297470092773
138 147.74618411064148
139 95.76840019226074
140 30.190455675125122
141 248.6460325717926
142 44.863728761672974
143 29.95088505744934
144 27.059399366378784
145 98.16218733787537
146 34.6802442073822
147 140.77004718780518
148 106.70265626907349
149 27.620368480682373
150 23.492568969726562
151 111.54369974136353
152 25.330321073532104
153 26.565147399902344
154 22.365819692611694
155 167.62790036201477
156 90.85202860832214
157 42.79983973503113
158 26.967551231384277
159 27.061665773391724
160 165.6084704399109
161 114.86477541923523
162 22.617786169052124
163 27.964300394058228
164 26.471219778060913
165 174.6782464981079
166 27.399645566940308
167 27.02285599708557
168 43.031769037246704
169 32.29490089416504
170 47.272067070007324
171 44.17617106437683
172 31.833640336990356
173 141.60902070999146
174 25.682607889175415
175 38.75819373130798
176 64.7508385181427
177 26.912311553955078
178 26.260913372039795
179 45.83700776100159
180 25.204602241516113
181 155.00619912147522
182 65.8050286769867
183 98.43204975128174
184 69.90851974487305
185 25.33413577079773
186 183.88604593276978
187 34.62449789047241
188 51.08496832847595
189 26.899848222732544
190 25.705385208129883
191 25.801152229309082
192 69.62771105766296
193 25.314835786819458
194 264.253479719162
195 69.1111307144165
196 37.9900586605072
197 25.389841318130493
198 68.34418368339539
199 61.36597752571106
200 29.098191261291504
201 26.322649240493774
202 27.482750415802002
203 46.866023540496826
204 121.83262372016907
0 27.137845277786255
1 41.477405071258545
2 29.888651847839355
3 39.42703723907471
4 26.720500469207764
5 24.985020637512207
6 38.58157515525818
7 139.86809706687927
8 25.18569588661194
9 26.287610054016113
10 22.442569255828857
11 26.42859411239624
12 71.58214211463928
13 27.75459599494934
14 35.8074734210968
15 25.349029779434204
16 25.21836566925049
17 26.017483234405518
18 134.42410612106323
19 53.91135311126709
20 26.581479787826538
21 86.27675437927246
22 30.08144783973694
23 29.75425887107849
24 22.814033269882202
25 52.99127650260925
26 37.25250053405762
27 279.833464384079
28 26.435518741607666
29 26.159143686294556
30 74.97118997573853
31 164.93102073669434
32 148.03387808799744
33 179.6375195980072
34 26.677748203277588
35 40.13905334472656
36 23.00874161720276
37 40.39398694038391
38 26.912718057632446
39 41.28943920135498
40 24.467756509780884
41 26.572591304779053
42 27.50719428062439
43 25.26435112953186
44 89.00282287597656
45 86.93345594406128
46 35.198532819747925
47 25.301494121551514
48 47.092040061950684
49 51.46516680717468
50 81.52699613571167
51 228.74693536758423
52 250.38324642181396
53 85.62463450431824
54 26.4799325466156
55 45.95328211784363
56 204.89266514778137
57 53.39138603210449
58 51.81134796142578
59 26.442380905151367
60 248.9017367362976
61 25.269105911254883
62 67.2349796295166
63 224.68923258781433
64 26.078562259674072
65 38.86563968658447
66 34.19875741004944
67 26.68509268760681
68 28.170222759246826
69 60.20636987686157
70 129.68885564804077
71 262.4760913848877
72 27.62785816192627
73 97.66868138313293
74 61.12396478652954
75 131.19172024726868
76 61.37115216255188
77 43.17538094520569
78 93.4296088218689
79 28.271549224853516
80 252.77529168128967
81 38.305416107177734
82 26.311232805252075
83 25.632975816726685
84 26.80315065383911
85 119.90028858184814
86 28.243673086166382
87 209.52621936798096
88 26.012128591537476
89 26.628138303756714
90 25.920490026474
91 283.3704481124878
92 27.877118825912476
93 56.09061050415039
94 23.6683611869812
95 93.25762724876404
96 75.68580961227417
97 314.30586433410645
98 57.474806785583496
99 313.25979804992676
100 213.66253209114075
101 207.21304988861084
102 29.723195552825928
103 33.63304877281189
104 126.81825494766235
105 47.754693031311035
106 24.846867084503174
107 63.34485650062561
108 94.27201008796692
109 28.200007438659668
110 25.667158365249634
111 30.335832118988037
112 212.9727680683136
113 29.847039937973022
114 29.830652236938477
115 32.02573347091675
116 27.922597408294678
117 36.56574368476868
118 25.39099907875061
119 112.6452796459198
120 28.334409713745117
121 142.27971816062927
122 33.798123359680176
123 306.1828730106354
124 31.174234867095947
125 26.12800693511963
126 50.74410319328308
127 44.19634795188904
128 47.42336106300354
129 251.66041445732117
130 31.903552532196045
131 193.12131357192993
132 76.49676442146301
133 41.92129325866699
134 77.98897695541382
135 229.9390902519226
136 29.859105825424194
137 27.184569120407104
138 156.79358458518982
139 97.33962392807007
140 29.78699254989624
141 264.938184261322
142 51.4781448841095
143 29.69001078605652
144 31.997102737426758
145 118.68784952163696
146 36.454803705215454
147 152.23266696929932
148 113.15990328788757
149 35.00665235519409
150 26.424336194992065
151 126.5278787612915
152 29.34111785888672
153 32.42979621887207
154 26.747234582901
155 216.07280468940735
156 105.08001041412354
157 52.69064545631409
158 34.02440571784973
159 36.81503629684448
160 201.61701345443726
161 126.5146005153656
162 25.38257098197937
163 31.2186119556427
164 31.09802508354187
165 196.21337151527405
166 29.922128200531006
167 29.63637948036194
168 45.60377907752991
169 34.00862383842468
170 51.959941148757935
171 49.819722175598145
172 36.62839722633362
173 153.7562437057495
174 28.740175008773804
175 42.63580346107483
176 71.0644645690918
177 32.235913038253784
178 27.42834973335266
179 50.31564545631409
180 26.228338718414307
181 188.597989320755
182 84.0493643283844
183 120.45650792121887
184 79.15466046333313
185 27.23383903503418
186 201.91914129257202
187 41.35830545425415
188 59.04770588874817
189 38.743499517440796
190 32.445759773254395
191 29.22275972366333
192 77.52393388748169
193 28.321793794631958
194 290.26393151283264
195 78.8970057964325
196 42.888392210006714
197 30.256616353988647
198 74.93005132675171
199 67.0682065486908
200 32.23970580101013
201 28.48053288459778
202 27.574135541915894
203 50.294129371643066
204 137.77704548835754
0 35.07261252403259
1 44.061622858047485
2 32.55667448043823
3 44.74639081954956
4 29.114971160888672
5 29.0343279838562
6 44.125244140625
7 156.6269187927246
8 28.548083305358887
9 30.64072823524475
10 24.87137508392334
11 27.753808975219727
12 83.6709840297699
13 38.59214496612549
14 53.655426025390625
15 38.85767722129822
16 37.89516282081604
17 38.14047837257385
18 152.86828351020813
19 68.41024708747864
20 29.374724626541138
21 97.52347159385681
22 33.954466104507446
23 36.78285503387451
24 24.700631141662598
25 60.21243453025818
26 53.713337898254395
27 343.19401478767395
28 38.11311435699463
29 30.016711235046387
30 90.77760171890259
31 202.98606824874878
32 172.37293410301208
33 220.65434908866882
34 29.039729356765747
35 49.09715151786804
36 26.661577463150024
37 46.724507331848145
38 33.45280456542969
39 50.76624894142151
40 29.48631238937378
41 29.504668951034546
42 34.079671144485474
43 27.44423246383667
44 110.0103485584259
45 110.69457006454468
46 39.21798276901245
47 32.79950189590454
48 54.50482177734375
49 61.338762044906616
50 96.48585081100464
51 255.09540605545044
52 311.89501571655273
53 97.76299285888672
54 29.82177495956421
55 54.14066815376282
56 249.72797083854675
57 77.31065154075623
58 66.97123527526855
59 28.974632501602173
60 277.93602561950684
61 31.89450764656067
62 76.49825382232666
63 251.7739613056183
64 29.86180353164673
65 57.03741955757141
66 47.48725485801697
67 40.42741584777832
68 27.92969799041748
69 57.914196729660034
70 144.01670503616333
71 269.04676699638367
72 27.676087379455566
73 99.96967029571533
74 60.62562966346741
75 135.80957126617432
76 58.07067394256592
77 40.51862907409668
78 97.7987129688263
79 32.0471408367157
80 281.1605772972107
81 42.55567812919617
82 28.55920147895813
83 26.88629937171936
84 32.42127585411072
85 137.11861371994019
86 34.29590582847595
87 218.2756221294403
88 28.880358695983887
89 27.832627534866333
90 28.262996912002563
91 296.69629073143005
92 28.650619745254517
93 56.071441650390625
94 23.692305088043213
95 95.60127139091492
96 78.68714547157288
97 288.51853919029236
98 57.68034029006958
99 276.37154269218445
100 199.1676013469696
101 219.81787276268005
102 36.28346872329712
103 40.14485025405884
104 139.4510145187378
105 50.05123734474182
106 25.799059867858887
107 79.47724652290344
108 96.02279233932495
109 26.99607253074646
110 28.90704846382141
111 29.66197109222412
112 211.28177404403687
113 28.81759548187256
114 30.061569452285767
115 32.46426773071289
116 34.085365772247314
117 39.82515788078308
118 30.35252594947815
119 145.35342407226562
120 28.858293771743774
121 135.28472352027893
122 37.03475213050842
123 315.6467366218567
124 40.00591063499451
125 34.97295141220093
126 50.84114599227905
127 51.93895864486694
128 54.65893602371216
129 287.6674609184265
130 32.99671912193298
131 194.41491413116455
132 80.61464405059814
133 40.69160175323486
134 76.61807823181152
135 240.03457975387573
136 32.62745976448059
137 29.523946523666382
138 160.17138195037842
139 106.46603631973267
140 33.722718954086304
141 317.97222900390625
142 62.53315019607544
143 38.059701442718506
144 29.728256464004517
145 111.80616593360901
146 39.05665850639343
147 147.87443470954895
148 115.04455876350403
149 27.807674884796143
150 26.053767204284668
151 113.56696486473083
152 25.72937560081482
153 27.084214448928833
154 23.284573793411255
155 171.35870146751404
156 92.12236857414246
157 43.65881276130676
158 27.370643615722656
159 27.757526397705078
160 169.09057426452637
161 115.94433808326721
162 23.42553687095642
163 28.392687559127808
164 26.613810777664185
165 174.90767097473145
166 27.610753297805786
167 27.30871558189392
168 43.53591465950012
169 32.705618381500244
170 46.77354621887207
171 45.05937433242798
172 32.45874524116516
173 142.85868549346924
174 25.69401478767395
175 38.448976039886475
176 64.91191363334656
177 27.366127967834473
178 26.430155277252197
179 45.91337466239929
180 25.632073163986206
181 156.27570271492004
182 66.61509537696838
183 109.3177707195282
184 77.16256952285767
185 28.95665669441223
186 193.94469380378723
187 38.01556587219238
188 54.3030161857605
189 27.14666223526001
190 28.659752368927002
191 26.789093732833862
192 70.7666027545929
193 29.024868726730347
194 283.98914313316345
195 79.2714478969574
196 43.081403970718384
197 30.219916105270386
198 74.60399413108826
199 74.16340517997742
200 33.0467426776886
201 26.97729802131653
202 31.171716451644897
203 52.43908619880676
204 135.72170281410217
0 31.374634265899658
1 48.52992081642151
2 36.8573956489563
3 43.30512189865112
4 29.96733546257019
5 28.72112727165222
6 41.9019410610199
7 146.95761394500732
8 26.073537826538086
9 27.51162838935852
10 23.204191207885742
11 27.4181125164032
12 74.1787576675415
13 28.109245538711548
14 36.90179204940796
15 25.79941415786743
16 25.863918781280518
17 25.992557287216187
18 136.70608711242676
19 55.302685260772705
20 26.69768190383911
21 88.2987425327301
22 30.169031381607056
23 30.201285123825073
24 22.78831148147583
25 53.99126672744751
26 38.20630979537964
27 282.97206830978394
28 27.136971712112427
29 26.70948553085327
30 75.94822692871094
31 167.31804084777832
32 150.88111472129822
33 182.67088341712952
34 27.048014163970947
35 41.01894474029541
36 23.636812448501587
37 41.58738160133362
38 27.483176946640015
39 42.8947958946228
40 24.669305324554443
41 27.110976219177246
42 28.025050401687622
43 25.85972261428833
44 90.87072277069092
45 89.22917461395264
46 35.97163438796997
47 25.991575956344604
48 48.16551327705383
49 53.2818489074707
50 83.99867534637451
51 228.06973266601562
52 254.5369906425476
53 87.06475281715393
54 27.133434295654297
55 46.85581088066101
56 210.11041450500488
57 54.325605392456055
58 53.709683656692505
59 27.616363525390625
60 255.54585456848145
61 25.67273473739624
62 69.47139000892639
63 230.482901096344
64 26.740544080734253
65 38.89046573638916
66 34.071850538253784
67 27.506280422210693
68 28.061322450637817
69 57.3585364818573
70 127.93764901161194
71 261.7103691101074
72 27.462576866149902
73 97.24309754371643
74 61.43293857574463
75 128.66223192214966
76 56.48987293243408
77 40.88036131858826
78 93.08692860603333
79 28.55532479286194
80 253.67232728004456
81 37.88067150115967
82 25.673103094100952
83 26.560503482818604
84 27.875544548034668
85 123.81335234642029
86 28.390961170196533
87 193.9789593219757
88 26.026315212249756
89 26.100128173828125
90 26.081971406936646
91 269.20489263534546
92 25.851187467575073
93 54.50434327125549
94 23.001495599746704
95 87.4113609790802
96 73.15489554405212
97 264.80599188804626
98 50.76492619514465
99 266.01253485679626
100 191.4545533657074
101 197.92388200759888
102 26.76846194267273
103 32.59044647216797
104 125.8529691696167
105 48.433107137680054
106 23.633159399032593
107 62.713066816329956
108 88.24016308784485
109 26.028339385986328
110 27.333279132843018
111 29.27340006828308
112 191.39113354682922
113 26.24779987335205
114 27.50521969795227
115 29.892805814743042
116 28.72356343269348
117 34.255536794662476
118 25.849368810653687
119 107.64655184745789
120 26.73049545288086
121 123.65134382247925
122 31.65691089630127
123 291.7691948413849
124 30.358773231506348
125 25.90163826942444
126 45.88182806968689
127 44.839755058288574
128 49.38095307350159
129 246.64529490470886
130 30.482920169830322
131 182.92916131019592
132 76.45401644706726
133 40.14953637123108
134 73.61120128631592
135 223.43603372573853
136 31.1934711933136
137 27.367789268493652
138 151.9573197364807
139 97.41902017593384
140 30.297911882400513
141 256.71304178237915
142 45.96232008934021
143 30.34861922264099
144 27.727521657943726
145 101.04144144058228
146 35.52159357070923
147 143.60805892944336
148 108.94366121292114
149 28.455201387405396
150 24.750902891159058
151 113.7865800857544
152 26.344101428985596
153 27.137913942337036
154 23.49130415916443
155 171.38792252540588
156 93.3667905330658
157 44.26909947395325
158 27.1856951713562
159 28.081343412399292
160 169.1916139125824
161 117.5106508731842
162 22.828049898147583
163 29.25287699699402
164 28.638511419296265
165 179.42078757286072
166 29.170730113983154
167 28.637233018875122
168 43.73276615142822
169 33.86324739456177
170 47.594608306884766
171 46.05135202407837
172 33.565122842788696
173 145.6253900527954
174 26.02077317237854
175 39.42598819732666
176 66.07421064376831
177 27.73339009284973
178 27.898972272872925
179 46.78908014297485
180 25.85910153388977
181 159.43812942504883
182 66.39025783538818
183 101.51749062538147
184 72.96262001991272
185 25.67340636253357
186 187.61763715744019
187 35.00813817977905
188 52.25274109840393
189 27.941779136657715
190 26.552608728408813
191 26.122259378433228
192 70.53044509887695
193 25.682867288589478
194 267.3777244091034
195 72.7280523777008
196 39.563109397888184
197 26.148093223571777
198 69.21079874038696
199 62.965447425842285
200 29.53653573989868
201 26.5551176071167
202 28.310816287994385
203 48.95562553405762
204 123.79373145103455
0 27.467252492904663
1 41.69581341743469
2 30.55831813812256
3 40.216745376586914
4 26.803025007247925
5 25.585525274276733
6 39.28851842880249
7 142.98013496398926
8 26.424904108047485
9 27.447570323944092
10 22.966509342193604
11 26.867972373962402
12 73.30229330062866
13 28.146677494049072
14 36.16662907600403
15 26.49176049232483
16 25.943704843521118
17 26.35655426979065
18 135.80628561973572
19 54.78731346130371
20 26.813095092773438
21 88.6402063369751
22 30.216699600219727
23 30.09549117088318
24 22.962244510650635
25 54.417930126190186
26 37.64122486114502
27 284.55441784858704
28 27.166151523590088
29 27.272178173065186
30 76.9388599395752
31 168.91952395439148
32 152.00040984153748
33 183.26941895484924
34 27.16346549987793
35 41.62278199195862
36 23.20651602745056
37 40.64316964149475
38 28.03849148750305
39 45.385560035705566
40 25.112531185150146
41 27.215635776519775
42 27.707940816879272
43 26.1062433719635
44 90.73843574523926
45 87.61500597000122
46 37.41528630256653
47 26.376548528671265
48 47.876245975494385
49 53.14113235473633
50 83.91082620620728
51 225.88111448287964
52 255.633535861969
53 87.12583112716675
54 26.88956069946289
55 47.497957706451416
56 209.81449627876282
57 54.3645498752594
58 53.7049994468689
59 26.845585823059082
60 254.34569120407104
61 25.87065863609314
62 67.9104859828949
63 227.40718722343445
64 25.865867853164673
65 38.82336163520813
66 33.742207288742065
67 27.23622417449951
68 28.03965139389038
69 58.50712513923645
70 126.88540267944336
71 257.3089106082916
72 26.979208946228027
73 94.17849731445312
74 59.39567685127258
75 125.34820103645325
76 55.927058935165405
77 42.620460748672485
78 102.4470636844635
79 28.780267477035522
80 253.29849338531494
81 37.53147554397583
82 27.595600843429565
83 27.961644649505615
84 27.93431043624878
85 124.22285962104797
86 28.19731879234314
87 192.82362842559814
88 26.012762784957886
89 26.2537739276886
90 25.893731594085693
91 266.0546245574951
92 26.31189274787903
93 52.872694969177246
94 22.969057083129883
95 87.02564716339111
96 71.25234413146973
97 260.6657147407532
98 49.961856842041016
99 258.4370262622833
100 185.32407140731812
101 192.51468181610107
102 26.74577760696411
103 30.638575315475464
104 123.49475622177124
105 47.51307439804077
106 22.820372819900513
107 61.819664001464844
108 85.82728219032288
109 25.63525676727295
110 26.28563117980957
111 29.13063955307007
112 187.40805554389954
113 25.38505220413208
114 26.640945434570312
115 28.997815132141113
116 27.77982807159424
117 34.28841710090637
118 25.821399688720703
119 105.8391466140747
120 25.873279809951782
121 121.65334391593933
122 31.143404960632324
123 284.9622735977173
124 29.01870560646057
125 26.36088275909424
126 45.144598722457886
127 44.01134705543518
128 48.37872505187988
129 243.58660578727722
130 30.3629629611969
131 179.82317543029785
132 74.31447196006775
133 40.02819895744324
134 71.07726383209229
135 219.05867958068848
136 29.581621885299683
137 27.321710348129272
138 147.34074473381042
139 95.02222990989685
140 30.126206398010254
141 249.91920566558838
142 45.07749128341675
143 29.929915189743042
144 26.808983325958252
145 98.50483727455139
146 34.30501413345337
147 141.32271885871887
148 107.54001188278198
149 28.150577783584595
150 23.770716905593872
151 111.91075778007507
152 25.31365704536438
153 26.974644660949707
154 22.34800386428833
155 173.90071630477905
156 93.03525996208191
157 47.31839656829834
158 27.278905153274536
159 27.678810596466064
160 170.09801054000854
161 121.47425389289856
162 23.05217719078064
163 28.54367232322693
164 26.963934183120728
165 177.02735233306885
166 27.367270469665527
167 26.965201377868652
168 43.34331250190735
169 32.7673077583313
170 46.94203019142151
171 44.90428924560547
172 34.44915151596069
173 143.76047945022583
174 26.01903200149536
175 39.43321514129639
176 65.25149488449097
177 27.565181255340576
178 26.739943981170654
179 46.07999515533447
180 25.991917610168457
181 158.70059370994568
182 65.25132250785828
183 100.2514705657959
184 70.74093770980835
185 25.80509042739868
186 184.76243233680725
187 35.08635973930359
188 51.09350538253784
189 26.698697805404663
190 25.825000047683716
191 26.347165822982788
192 69.49801087379456
193 25.632973432540894
194 265.5031259059906
195 71.49672651290894
196 38.97111105918884
197 25.53238606452942
198 68.29370450973511
199 61.802693367004395
200 28.797924041748047
201 26.284061670303345
202 27.418622493743896
203 47.27302169799805
204 121.10227632522583
0 26.76766562461853
1 41.11497902870178
2 29.585862159729004
3 39.6064019203186
4 26.727014541625977
5 25.387953758239746
6 37.81643223762512
7 140.4627342224121
8 25.627113103866577
9 26.49263024330139
10 22.719051837921143
11 26.372893571853638
12 72.58285737037659
13 27.523569107055664
14 35.61405682563782
15 25.743346691131592
16 25.175663948059082
17 26.373389959335327
18 134.7331418991089
19 54.281070709228516
20 26.59308433532715
21 87.1004889011383
22 30.312310695648193
23 29.63825821876526
24 22.895314693450928
25 54.07562279701233
26 37.9623966217041
27 281.5571916103363
28 26.943631172180176
29 26.548054218292236
30 75.28201913833618
31 167.58857989311218
32 150.97669076919556
33 181.03137969970703
34 26.917993307113647
35 40.039960622787476
36 23.006484508514404
37 40.915948152542114
38 27.06768035888672
39 41.184329986572266
40 24.60100746154785
41 26.64553689956665
42 27.591918468475342
43 25.256940841674805
44 89.36085534095764
45 87.55752325057983
46 35.484026193618774
47 25.605807781219482
48 46.974618673324585
49 52.237595558166504
50 82.85775303840637
51 224.33079075813293
52 251.97165417671204
53 85.32612776756287
54 27.014208793640137
55 46.47301769256592
56 206.56021189689636
57 53.20564293861389
58 52.85277771949768
59 26.91480779647827
60 251.00797820091248
61 25.50753378868103
62 67.95013642311096
63 225.77756118774414
64 25.950079441070557
65 38.503196477890015
66 33.78895545005798
67 26.874316215515137
68 27.3210711479187
69 56.762470960617065
70 124.13131499290466
71 256.642941236496
72 26.488157749176025
73 94.3010094165802
74 60.11317276954651
75 126.38895964622498
76 55.96320700645447
77 39.51218342781067
78 92.08703231811523
79 27.87547779083252
80 250.34847044944763
81 38.005924224853516
82 25.742631435394287
83 26.2390456199646
84 27.381367444992065
85 123.2160804271698
86 28.387831211090088
87 191.96922183036804
88 25.485121488571167
89 25.720045804977417
90 25.9880850315094
91 265.10969972610474
92 25.489747285842896
93 53.8764009475708
94 22.998403072357178
95 86.27623128890991
96 71.47929978370667
97 261.6841654777527
98 50.49909543991089
99 259.1172559261322
100 186.75002646446228
101 193.22093033790588
102 27.01050066947937
103 31.372476816177368
104 123.91511917114258
105 47.790648460388184
106 22.898133516311646
107 61.629347801208496
108 86.18855667114258
109 26.022392511367798
110 25.74337410926819
111 28.919036865234375
112 187.62766647338867
113 25.493682861328125
114 26.89807105064392
115 29.769290685653687
116 28.015437364578247
117 34.01927208900452
118 25.548498392105103
119 106.52312898635864
120 25.92525577545166
121 122.72627806663513
122 31.31029438972473
123 286.9086494445801
124 29.222076654434204
125 26.134095430374146
126 45.82385206222534
127 44.23061943054199
128 48.71253728866577
129 243.1494698524475
130 29.75719904899597
131 180.49343037605286
132 74.98921346664429
133 39.46431493759155
134 71.43411445617676
135 220.60509395599365
136 30.49093246459961
137 27.07629656791687
138 148.72806859016418
139 95.59120512008667
140 30.00261878967285
141 250.72951006889343
142 44.990766286849976
143 29.92756986618042
144 26.815359354019165
145 99.03042888641357
146 34.477644205093384
147 141.55911087989807
148 106.47917819023132
149 27.397843837738037
150 23.42379379272461
151 111.77702593803406
152 25.5925395488739
153 27.155263900756836
154 22.783779621124268
155 168.0771460533142
156 91.46452951431274
157 43.56006145477295
158 26.81108856201172
159 27.456518411636353
160 166.16118097305298
161 114.84420394897461
162 22.741644620895386
163 27.693872690200806
164 26.73882031440735
165 174.48525547981262
166 27.54692316055298
167 27.219672918319702
168 42.971317768096924
169 33.622318267822266
170 46.59753942489624
171 43.803574085235596
172 32.236595153808594
173 141.9566102027893
174 26.017532348632812
175 38.92423677444458
176 64.69845032691956
177 27.25923228263855
178 26.783002853393555
179 45.54048037528992
180 26.18905019760132
181 156.34136199951172
182 65.48792028427124
183 100.34289169311523
184 71.23724007606506
185 25.30074453353882
186 185.22326374053955
187 34.626502990722656
188 50.9225013256073
189 27.002328395843506
190 25.96329140663147
191 25.614840984344482
192 70.19286561012268
193 25.636611700057983
194 264.9884350299835
195 71.58508014678955
196 39.124659299850464
197 25.26190972328186
198 68.16232013702393
199 61.247172117233276
200 28.688400745391846
201 26.14416265487671
202 27.42272162437439
203 47.653722524642944
204 121.35952568054199
0 27.36817717552185
1 41.214826583862305
2 29.55709457397461
3 40.063098430633545
4 26.41709065437317
5 25.3271541595459
6 38.635536909103394
7 141.36457443237305
8 25.264132738113403
9 26.77823781967163
10 22.81144905090332
11 26.95293879508972
12 73.0067629814148
13 27.825469255447388
14 36.70667314529419
15 25.46378755569458
16 25.5317280292511
17 26.028445959091187
18 135.52111887931824
19 54.078080892562866
20 26.90172553062439
21 88.01528334617615
22 30.016274213790894
23 29.935247898101807
24 22.648251056671143
25 54.46553015708923
26 37.72659158706665
27 283.2325758934021
28 26.778565406799316
29 26.911550283432007
30 75.76471185684204
31 167.09577918052673
32 150.444575548172
33 182.02899742126465
34 26.699464321136475
35 40.78004288673401
36 23.36109757423401
37 40.60295820236206
38 27.752318382263184
39 41.4172260761261
40 24.761101007461548
41 26.94891929626465
42 27.580355644226074
43 26.30729627609253
44 89.91086101531982
45 88.22880625724792
46 35.64624834060669
47 25.999728441238403
48 46.94465088844299
49 52.45515704154968
50 82.67428874969482
51 225.20150876045227
52 253.8824188709259
53 86.32648229598999
54 26.698113679885864
55 46.48456621170044
56 208.72024369239807
57 54.31772804260254
58 53.303236961364746
59 26.486660957336426
60 252.85152339935303
61 25.90115451812744
62 68.65874075889587
63 227.34001398086548
64 26.035749197006226
65 38.807926654815674
66 33.620593547821045
67 26.871976852416992
68 27.685008764266968
69 57.01352548599243
70 125.01208519935608
71 258.4563889503479
72 27.241673707962036
73 95.04485201835632
74 59.455575942993164
75 126.78791546821594
76 55.51133680343628
77 40.002610206604004
78 91.6444399356842
79 28.092469692230225
80 251.26859283447266
81 38.162795066833496
82 25.833926916122437
83 26.16560435295105
84 27.83762550354004
85 124.24320363998413
86 27.952585220336914
87 193.21740174293518
88 25.474449157714844
89 25.864484786987305
90 25.91474461555481
91 266.73026967048645
92 25.666587352752686
93 53.353047370910645
94 23.2081458568573
95 86.12506413459778
96 71.57648921012878
97 261.8011529445648
98 50.53485918045044
99 261.50199818611145
100 187.61791586875916
101 193.31189823150635
102 26.577691793441772
103 30.78929376602173
104 124.17149925231934
105 47.66893148422241
106 23.128986597061157
107 62.250539779663086
108 86.30657505989075
109 25.703896284103394
110 26.207041263580322
111 29.045281887054443
112 187.1855206489563
113 25.664700269699097
114 26.60120439529419
115 29.30329418182373
116 29.072730779647827
117 34.20954132080078
118 25.756392002105713
119 105.99715805053711
120 24.79301905632019
121 118.02305817604065
122 31.141936779022217
123 286.74801301956177
124 29.241580724716187
125 26.26969051361084
126 45.813337087631226
127 44.533674240112305
128 48.199079275131226
129 242.557297706604
130 30.214268684387207
131 180.29526281356812
132 74.69714713096619
133 40.32654881477356
134 71.15049505233765
135 219.63989853858948
136 29.94255805015564
137 27.532052755355835
138 148.89878296852112
139 95.31729412078857
140 30.291813611984253
141 250.94121384620667
142 45.67332172393799
143 30.032333612442017
144 26.688338041305542
145 99.56249451637268
146 34.22515821456909
147 141.8205795288086
148 106.60253143310547
149 27.661936283111572
150 23.953595876693726
151 111.51270818710327
152 25.625181198120117
153 26.726624250411987
154 22.78578782081604
155 169.99502658843994
156 91.15575528144836
157 43.202953577041626
158 26.737349033355713
159 27.066242218017578
160 166.9908962249756
161 116.01930379867554
162 22.692156553268433
163 27.888713836669922
164 26.470211505889893
165 176.84000539779663
166 27.44997501373291
167 27.008904218673706
168 43.57920169830322
169 32.488393783569336
170 46.55240249633789
171 44.498082637786865
172 32.02296018600464
173 142.08259105682373
174 26.168800592422485
175 39.80839228630066
176 64.58353161811829
177 27.260618925094604
178 27.230581521987915
179 46.167815923690796
180 25.28042769432068
181 156.70388841629028
182 65.84715461730957
183 99.92554187774658
184 69.63138484954834
185 26.30530571937561
186 184.9522407054901
187 34.46152329444885
188 52.88508367538452
189 26.577739000320435
190 25.756938457489014
191 26.711502075195312
192 69.84147691726685
193 25.54898166656494
194 264.8798906803131
195 71.61638569831848
196 38.55786991119385
197 26.59403395652771
198 68.930837392807
199 62.909955739974976
200 28.61638855934143
201 26.153048753738403
202 27.91477131843567
203 47.50383710861206
204 122.44490265846252
0 27.322635173797607
1 41.85835838317871
2 29.524694442749023
3 39.427932262420654
4 27.47657799720764
5 25.636169910430908
6 38.35552144050598
7 141.61459708213806
8 25.870962858200073
9 26.94923424720764
10 22.691892385482788
11 26.68497610092163
12 72.47404360771179
13 27.664989948272705
14 35.667072057724
15 25.927944898605347
16 26.076087951660156
17 26.363529682159424
18 135.44515299797058
19 54.6931209564209
20 27.221850395202637
21 89.11447477340698
22 30.15790581703186
23 30.1367769241333
24 22.755967617034912
25 53.8962185382843
26 38.95093607902527
27 284.3128972053528
28 27.40785551071167
29 27.294353723526
30 76.50049304962158
31 169.2442774772644
32 152.53262853622437
33 185.9456057548523
34 27.71960186958313
35 40.98878574371338
36 23.39103055000305
37 42.23689341545105
38 27.66886615753174
39 42.21571326255798
40 25.033921241760254
41 28.2105815410614
42 28.65666389465332
43 26.004649877548218
44 91.85387921333313
45 90.30014252662659
46 35.9250762462616
47 25.927746534347534
48 48.10771083831787
49 53.840086221694946
50 83.86530590057373
51 230.30252385139465
52 257.6855707168579
53 87.95997452735901
54 27.126824855804443
55 46.930073738098145
56 210.17983508110046
57 54.67492485046387
58 53.773672342300415
59 27.291577577590942
60 255.65427565574646
61 25.798386573791504
62 68.89154767990112
63 229.60398054122925
64 26.407493114471436
65 39.11136031150818
66 34.36137533187866
67 28.243629932403564
68 27.899582624435425
69 57.69472336769104
70 126.07374668121338
71 260.82372760772705
72 27.256616353988647
73 96.33666801452637
74 61.069376707077026
75 127.73971557617188
76 55.71884298324585
77 40.72618293762207
78 92.6030445098877
79 27.922025203704834
80 253.47264957427979
81 38.81923770904541
82 26.103086233139038
83 26.761837005615234
84 28.324092388153076
85 124.73709154129028
86 28.602620363235474
87 194.87079429626465
88 26.233718633651733
89 26.36075472831726
90 25.58573031425476
91 272.1730160713196
92 26.578851222991943
93 54.97028112411499
94 22.922025680541992
95 87.59254193305969
96 72.44839978218079
97 264.5451114177704
98 51.0174126625061
99 262.79898595809937
100 188.3447859287262
101 196.92980456352234
102 26.29668426513672
103 31.6914541721344
104 124.49693655967712
105 47.88577961921692
106 23.10589098930359
107 63.27635931968689
108 87.3238742351532
109 25.84090542793274
110 25.96076512336731
111 29.894303560256958
112 190.62176847457886
113 25.77545189857483
114 27.98862600326538
115 29.772919416427612
116 28.318665742874146
117 34.1870801448822
118 26.379278898239136
119 107.05470180511475
120 26.287458181381226
121 122.56611227989197
122 31.250706911087036
123 290.26227617263794
124 29.69246768951416
125 26.11746311187744
126 45.93492913246155
127 45.02408504486084
128 48.85895323753357
129 247.7141900062561
130 29.920043468475342
131 183.1715211868286
132 76.2058916091919
133 40.158600091934204
134 71.85497689247131
135 224.2754054069519
136 30.778197050094604
137 27.207550764083862
138 150.0792200565338
139 96.00712728500366
140 30.51793336868286
141 255.10762476921082
142 45.028464555740356
143 30.086464643478394
144 28.5025053024292
145 100.10634398460388
146 34.817516803741455
147 143.81346607208252
148 108.23869299888611
149 27.946285724639893
150 24.364609003067017
151 112.77677989006042
152 25.727408170700073
153 27.117990970611572
154 22.736270427703857
155 171.2790870666504
156 93.39665126800537
157 45.334693908691406
158 26.813382148742676
159 27.42227053642273
160 168.6531114578247
161 116.17611503601074
162 22.970245599746704
163 27.813110828399658
164 26.966413259506226
165 178.75135684013367
166 27.981191158294678
167 26.909067153930664
168 44.06196165084839
169 32.959879875183105
170 47.35134840011597
171 45.480806827545166
172 32.81666135787964
173 143.68862390518188
174 25.918596267700195
175 39.40737843513489
176 64.87747144699097
177 27.558027505874634
178 27.453765392303467
179 46.07204794883728
180 26.216798067092896
181 158.92996621131897
182 66.26094913482666
183 101.02985954284668
184 71.42420244216919
185 25.630051612854004
186 187.23279976844788
187 35.5540030002594
188 52.33934545516968
189 27.0505428314209
190 26.58424711227417
191 28.990522146224976
192 70.5304388999939
193 26.666934728622437
194 269.38941407203674
195 73.15565371513367
196 40.04035997390747
197 25.400803327560425
198 70.49306631088257
199 64.55298495292664
200 28.765811443328857
201 37.36001968383789
202 29.335906267166138
203 47.54027533531189
204 124.01116871833801
0 28.701157569885254
1 41.003859996795654
2 29.65494132041931
3 40.39903140068054
4 26.538222551345825
5 25.491455078125
6 38.95196294784546
7 142.52098655700684
8 25.35274386405945
9 26.752139806747437
10 22.94097399711609
11 27.498652458190918
12 72.58111548423767
13 27.926395654678345
14 36.7954363822937
15 25.482956171035767
16 25.96923565864563
17 25.95913338661194
18 136.63672280311584
19 55.61578726768494
20 26.82318091392517
21 88.4805052280426
22 30.382452726364136
23 30.382935762405396
24 23.192504405975342
25 53.94876432418823
26 37.767127990722656
27 285.45985174179077
28 26.793874740600586
29 26.926127910614014
30 76.46044087409973
31 168.61769461631775
32 151.3076057434082
33 183.81387495994568
34 26.85015058517456
35 41.31928825378418
36 23.339611530303955
37 40.77965188026428
38 27.334329843521118
39 42.15383052825928
40 25.02363634109497
41 27.605225801467896
42 27.63545298576355
43 25.945688247680664
44 91.43359899520874
45 89.48304343223572
46 35.62432932853699
47 26.621596813201904
48 47.36365008354187
49 52.78832411766052
50 83.80202841758728
51 226.2965533733368
52 255.37430238723755
53 87.16098928451538
54 26.980289220809937
55 47.01632285118103
56 209.5134539604187
57 55.160664558410645
58 53.85813641548157
59 26.758639574050903
60 258.98007130622864
61 26.08295774459839
62 67.63648462295532
63 229.33759927749634
64 25.890831232070923
65 39.31685185432434
66 33.82880616188049
67 27.324641466140747
68 27.34702730178833
69 60.64294767379761
70 126.54681324958801
71 260.10101079940796
72 27.232177734375
73 96.22618651390076
74 60.651413917541504
75 128.3238275051117
76 55.54165482521057
77 40.4126091003418
78 91.39661622047424
79 28.485698223114014
80 254.36159467697144
81 38.04828214645386
82 25.160526037216187
83 26.080132722854614
84 28.271092176437378
85 123.14816784858704
86 28.4612820148468
87 194.54779314994812
88 28.706387758255005
89 25.981810569763184
90 25.665181875228882
91 269.80991196632385
92 26.27309274673462
93 54.19250249862671
94 23.81273865699768
95 87.66634249687195
96 72.89146947860718
97 264.7852838039398
98 50.414979457855225
99 263.52283215522766
100 191.01392936706543
101 196.72333598136902
102 26.850245475769043
103 31.524238348007202
104 124.79837822914124
105 50.18250131607056
106 23.011572122573853
107 62.32049918174744
108 86.99251794815063
109 25.794174432754517
110 27.107224702835083
111 29.537399768829346
112 189.58104395866394
113 27.361238956451416
114 27.5706307888031
115 30.013614892959595
116 28.144567012786865
117 34.93943905830383
118 25.789238691329956
119 109.81940150260925
120 25.97889280319214
121 123.70653796195984
122 32.15496325492859
123 291.0604784488678
124 29.509750366210938
125 27.01822543144226
126 45.751577854156494
127 45.918092250823975
128 49.518171548843384
129 245.26990342140198
130 30.355328798294067
131 182.8190176486969
132 78.47078132629395
133 40.22497582435608
134 72.44177389144897
135 219.97203660011292
136 30.711414337158203
137 27.125827074050903
138 152.16484022140503
139 96.41496753692627
140 30.569796562194824
141 255.31951355934143
142 46.09644079208374
143 30.04004955291748
144 27.084303617477417
145 100.96421670913696
146 34.7752525806427
147 143.18228363990784
148 108.46929025650024
149 28.58372473716736
150 23.571609497070312
151 112.56328821182251
152 25.32413673400879
153 26.81856369972229
154 23.02382230758667
155 170.3310661315918
156 91.85919857025146
157 43.497633934020996
158 26.817983627319336
159 27.21367311477661
160 167.55509209632874
161 115.32730793952942
162 22.903680086135864
163 28.209787130355835
164 26.686197757720947
165 179.15764045715332
166 27.731637716293335
167 27.12934112548828
168 44.67239427566528
169 32.95923566818237
170 47.15800213813782
171 45.09063529968262
172 32.46391439437866
173 143.69026446342468
174 25.79162907600403
175 39.57706332206726
176 65.3678388595581
177 28.115793228149414
178 26.710848808288574
179 46.24410557746887
180 25.48788595199585
181 157.78668475151062
182 65.6112642288208
183 100.89980340003967
184 70.71908664703369
185 26.078949689865112
186 186.3796901702881
187 35.69780731201172
188 51.38450574874878
189 26.792574167251587
190 27.369628429412842
191 26.543633222579956
192 69.85220217704773
193 26.42272663116455
194 266.6808567047119
195 71.56765079498291
196 39.96642231941223
197 25.9046950340271
198 69.59178900718689
199 65.9029381275177
200 29.705902814865112
201 26.686126708984375
202 27.576459407806396
203 47.53690981864929
204 122.59789657592773
0 28.699454307556152
1 41.845370292663574
2 29.786669969558716
3 40.52120113372803
4 26.875091075897217
5 25.527506113052368
6 38.50558400154114
7 147.0409803390503
8 25.530354738235474
9 27.2104754447937
10 23.170480489730835
11 27.2759370803833
12 72.855797290802
13 27.956273317337036
14 37.407909870147705
15 26.055999755859375
16 25.782583475112915
17 26.45137643814087
18 139.68413734436035
19 54.956260204315186
20 27.078476905822754
21 89.31908535957336
22 30.588011741638184
23 30.03398847579956
24 26.677969217300415
25 53.87464761734009
26 38.07604265213013
27 289.17040848731995
28 27.328152656555176
29 29.371729373931885
30 77.57531094551086
31 170.47358512878418
32 154.50751662254333
33 185.47270488739014
34 27.075824737548828
35 42.53097200393677
36 23.307502269744873
37 40.97367310523987
38 27.45379328727722
39 43.09653449058533
40 24.55791711807251
41 27.35844373703003
42 28.15689206123352
43 26.523133993148804
44 90.65943503379822
45 89.15290117263794
46 36.16338515281677
47 27.025428533554077
48 47.31179928779602
49 52.98882579803467
50 84.10950779914856
51 229.60401105880737
52 261.21367835998535
53 87.5062153339386
54 27.299471616744995
55 47.899144887924194
56 212.4757103919983
57 55.29367160797119
58 54.11080479621887
59 30.04361605644226
60 257.03224539756775
61 26.096057176589966
62 71.22897124290466
63 230.4744520187378
64 28.871889114379883
65 38.90202593803406
66 34.53517746925354
67 27.74642586708069
68 27.60185718536377
69 58.372286796569824
70 128.6830930709839
71 262.4725224971771
72 27.61719059944153
73 96.38258218765259
74 60.594717502593994
75 128.12579989433289
76 57.061267137527466
77 40.29554033279419
78 92.66404676437378
79 28.461729049682617
80 257.83182096481323
81 39.082087993621826
82 26.857827186584473
83 26.201920747756958
84 28.123643159866333
85 126.27369666099548
86 28.65424156188965
87 198.54115843772888
88 28.099230527877808
89 26.348351001739502
90 26.98307776451111
91 271.2342531681061
92 26.037989377975464
93 54.679250717163086
94 23.420838832855225
95 87.42609477043152
96 74.07815718650818
97 265.24606680870056
98 53.69257688522339
99 265.58389544487
100 190.0859978199005
101 195.94278764724731
102 26.724828720092773
103 32.10773968696594
104 125.4042534828186
105 48.44231176376343
106 23.078349590301514
107 65.2895348072052
108 87.65466713905334
109 25.762425661087036
110 26.706542491912842
111 29.2308452129364
112 195.62228631973267
113 25.897850036621094
114 27.090117931365967
115 30.916435718536377
116 28.078999280929565
117 34.53972411155701
118 26.05837368965149
119 110.17324614524841
120 25.889960289001465
121 126.15706706047058
122 32.080273151397705
123 296.4415068626404
124 29.81414222717285
125 26.603008270263672
126 49.0698401927948
127 44.91246247291565
128 49.12907099723816
129 250.58605408668518
130 29.84838318824768
131 184.57814025878906
132 76.40407943725586
133 41.163325548172
134 72.62206721305847
135 225.31266903877258
136 30.140214681625366
137 31.654940366744995
138 152.18687510490417
139 96.93716597557068
140 30.72195267677307
141 256.86956214904785
142 45.80698609352112
143 30.53611421585083
144 26.702406644821167
145 103.066965341568
146 34.87363314628601
147 144.57618498802185
148 108.79202198982239
149 27.5799458026886
150 24.001255750656128
151 113.24438381195068
152 25.63340735435486
153 26.74722194671631
154 23.075037002563477
155 174.257741689682
156 92.11356735229492
157 43.90041446685791
158 26.95667600631714
159 27.395554780960083
160 168.87594890594482
161 119.06059694290161
162 23.073572397232056
163 28.18356156349182
164 26.6125910282135
165 178.92816424369812
166 28.51418375968933
167 26.771366357803345
168 44.696609020233154
169 33.35682559013367
170 47.03894257545471
171 46.47999119758606
172 33.11656641960144
173 143.6980917453766
174 25.7467041015625
175 40.50739049911499
176 64.7718517780304
177 27.969332218170166
178 27.33166217803955
179 46.09590935707092
180 26.166682958602905
181 161.2417824268341
182 65.36616110801697
183 101.90860915184021
184 74.15877079963684
185 25.615929126739502
186 187.43513131141663
187 35.921042919158936
188 51.61840343475342
189 29.971635341644287
190 27.59920573234558
191 26.287585258483887
192 70.64610028266907
193 29.47142004966736
194 270.3360457420349
195 72.69630694389343
196 39.25855779647827
197 25.299149751663208
198 70.26139259338379
199 62.31647992134094
200 29.01550054550171
201 26.573169708251953
202 28.137229204177856
203 47.95183300971985
204 123.69361233711243
0 28.10285758972168
1 42.10871505737305
2 30.72148299217224
3 40.55360651016235
4 26.980102062225342
5 25.623192310333252
6 40.340455055236816
7 142.9624786376953
8 26.099167585372925
9 26.805962562561035
10 22.994563102722168
11 28.59829354286194
12 72.68158030509949
13 28.720868349075317
14 36.784358739852905
15 26.164677381515503
16 25.946892023086548
17 27.109830856323242
18 138.73981189727783
19 54.8694908618927
20 26.678487300872803
21 91.84172081947327
22 30.19602346420288
23 31.700122594833374
24 22.825029611587524
25 54.57996964454651
26 40.46311330795288
27 290.2717080116272
28 27.375844955444336
29 27.190966367721558
30 79.4047327041626
31 170.68296575546265
32 156.5046317577362
33 186.63818264007568
34 28.55263924598694
35 41.67930459976196
36 23.695289373397827
37 41.61855459213257
38 28.650349140167236
39 41.78612923622131
40 25.121953010559082
41 27.91928505897522
42 31.161553382873535
43 26.154192686080933
44 93.18671035766602
45 90.17190289497375
46 37.58469343185425
47 26.7341365814209
48 48.20234179496765
49 54.38747835159302
50 84.11162543296814
51 230.94236087799072
52 261.305269241333
53 87.69077706336975
54 27.419366598129272
55 47.29793453216553
56 214.2297716140747
57 55.37481451034546
58 56.59131860733032
59 27.2269127368927
60 262.8940222263336
61 26.88335132598877
62 72.36144018173218
63 244.74359726905823
64 26.444050788879395
65 39.58528518676758
66 34.32221341133118
67 27.921570301055908
68 27.787775993347168
69 58.348698139190674
70 127.78460764884949
71 264.3405213356018
72 27.921567678451538
73 97.0382387638092
74 60.8004891872406
75 128.15519762039185
76 56.30009460449219
77 40.152931690216064
78 93.08816504478455
79 28.723109483718872
80 255.40853571891785
81 38.82221174240112
82 26.166687965393066
83 26.317652463912964
84 28.389996767044067
85 125.33492374420166
86 29.21428418159485
87 199.15548539161682
88 26.172533750534058
89 26.59537100791931
90 26.67059874534607
91 272.26102590560913
92 25.92920684814453
93 54.325873613357544
94 23.30181050300598
95 88.03267812728882
96 72.56537413597107
97 264.98765563964844
98 51.0151686668396
99 264.1959807872772
100 189.05182147026062
101 195.26932907104492
102 28.047272443771362
103 31.01973605155945
104 125.70175266265869
105 48.22474789619446
106 23.326701402664185
107 63.29381012916565
108 87.71364760398865
109 25.890794038772583
110 26.5709285736084
111 29.78090214729309
112 191.71391248703003
113 25.782248497009277
114 26.65175771713257
115 30.849900722503662
116 28.66756772994995
117 34.935730934143066
118 26.095033645629883
119 107.88117265701294
120 26.41952109336853
121 124.86684656143188
122 32.10117316246033
123 295.42808747291565
124 29.904191732406616
125 27.604447603225708
126 46.20623445510864
127 44.807214975357056
128 49.847590923309326
129 247.35391926765442
130 30.645490169525146
131 183.61505317687988
132 76.26581454277039
133 41.25091028213501
134 72.47076058387756
135 223.54048037528992
136 30.327664613723755
137 28.525688648223877
138 150.9470295906067
139 96.63379406929016
140 30.831754446029663
141 254.62461376190186
142 45.77095079421997
143 30.858888149261475
144 27.318898916244507
145 100.35116291046143
146 34.587544679641724
147 142.91419339179993
148 108.21264433860779
149 27.916484355926514
150 23.92678999900818
151 113.78367686271667
152 25.498868942260742
153 26.848530530929565
154 22.85806703567505
155 171.30185294151306
156 92.12848019599915
157 43.79460024833679
158 26.73263144493103
159 27.412397384643555
160 169.0612895488739
161 115.75402641296387
162 23.053470373153687
163 28.464284896850586
164 26.997895002365112
165 176.873384475708
166 27.68388271331787
167 27.436146020889282
168 43.99960660934448
169 33.092036962509155
170 47.09076690673828
171 45.258596420288086
172 32.373446226119995
173 143.92853546142578
174 25.95072102546692
175 42.99245285987854
176 65.43426370620728
177 27.40689706802368
178 27.60374140739441
179 47.55268859863281
180 25.821620225906372
181 158.83860778808594
182 66.5684175491333
183 101.82353043556213
184 71.27555823326111
185 25.970468282699585
186 187.85589742660522
187 35.32214283943176
188 51.959453105926514
189 27.55599546432495
190 26.123352766036987
191 27.137531042099
192 70.73752760887146
193 26.331796884536743
194 269.45813751220703
195 72.12044954299927
196 39.68171215057373
197 25.942426204681396
198 69.39312720298767
199 63.00536513328552
200 29.29837417602539
201 26.611254930496216
202 27.84328532218933
203 47.42382526397705
204 123.22232031822205
0 27.379053115844727
1 41.98557734489441
2 30.126930475234985
3 40.223275661468506
4 26.873825311660767
5 25.81916356086731
6 38.545844078063965
7 143.21098232269287
8 25.92096734046936
9 26.830787420272827
10 23.394405603408813
11 26.892239809036255
12 72.80350160598755
13 28.325817346572876
14 36.49922561645508
15 26.21470618247986
16 25.74629521369934
17 26.951047658920288
18 137.58968591690063
19 55.20663380622864
20 27.224424600601196
21 88.96101069450378
22 30.748445510864258
23 30.871914386749268
24 22.991804361343384
25 54.79242444038391
26 38.302005767822266
27 286.8024413585663
28 27.29869842529297
29 27.264209985733032
30 77.25833082199097
31 169.03513169288635
32 153.15132331848145
33 183.36297130584717
34 27.90200185775757
35 41.20333743095398
36 24.493452310562134
37 41.37196731567383
38 27.635075092315674
39 42.68301701545715
40 24.691912412643433
41 27.413352489471436
42 28.42491364479065
43 25.502594232559204
44 91.69510746002197
45 89.09066700935364
46 36.31038761138916
47 25.7216317653656
48 48.1018340587616
49 53.61416244506836
50 84.87097311019897
51 228.17439007759094
52 257.69236159324646
53 88.1450629234314
54 27.47554612159729
55 47.04933142662048
56 210.62843346595764
57 54.861565589904785
58 54.42942571640015
59 27.18873381614685
60 256.4720537662506
61 26.15318989753723
62 69.07483911514282
63 230.65673327445984
64 26.337252140045166
65 39.312731981277466
66 34.320234060287476
67 27.030946016311646
68 27.83582043647766
69 57.679357051849365
70 126.74817895889282
71 262.133588552475
72 27.049159049987793
73 96.95701003074646
74 61.01325821876526
75 128.39497995376587
76 56.28009557723999
77 41.219913959503174
78 92.47000122070312
79 28.464730262756348
80 257.6125075817108
81 38.450523376464844
82 26.10727858543396
83 26.610637426376343
84 28.256605863571167
85 125.83114576339722
86 28.99830150604248
87 198.00123572349548
88 26.32003378868103
89 26.412100315093994
90 26.17583394050598
91 272.35361790657043
92 26.658051252365112
93 54.25237488746643
94 22.995388507843018
95 87.8352918624878
96 73.44796466827393
97 266.81336069107056
98 51.24525260925293
99 265.77962613105774
100 190.9403281211853
101 197.58325505256653
102 26.866605758666992
103 31.594723224639893
104 125.67386794090271
105 49.56342124938965
106 23.219954252243042
107 63.06169009208679
108 87.38904213905334
109 26.5118248462677
110 26.534417867660522
111 29.79755449295044
112 192.04839658737183
113 26.40438199043274
114 27.131701946258545
115 29.810269832611084
116 28.72996735572815
117 35.12931847572327
118 26.175055980682373
119 108.5659294128418
120 26.08612632751465
121 125.5878975391388
122 32.51963257789612
123 293.7132830619812
124 29.89990496635437
125 26.373823404312134
126 47.50075840950012
127 45.297513484954834
128 49.22958302497864
129 248.9007432460785
130 30.516265392303467
131 184.17288780212402
132 76.57416367530823
133 40.547993898391724
134 72.73001861572266
135 225.38754510879517
136 30.303773880004883
137 27.80328607559204
138 151.7185583114624
139 97.74393653869629
140 31.388586044311523
141 257.95253896713257
142 45.77741837501526
143 30.541709899902344
144 28.107729196548462
145 101.17335295677185
146 35.5354266166687
147 144.5557084083557
148 108.76179528236389
149 28.360905647277832
150 24.341917991638184
151 114.18907451629639
152 27.14218544960022
153 27.211137056350708
154 23.172192811965942
155 172.10485911369324
156 93.14285087585449
157 45.076154708862305
158 26.985117197036743
159 27.91287922859192
160 170.396470785141
161 117.94217419624329
162 23.662771224975586
163 28.283710718154907
164 26.954708576202393
165 179.79949045181274
166 28.033771991729736
167 27.412909984588623
168 44.19240474700928
169 33.47837042808533
170 47.18103885650635
171 44.757192850112915
172 33.264286041259766
173 144.65395498275757
174 25.99293041229248
175 39.54470205307007
176 65.90787601470947
177 27.851274490356445
178 27.182917594909668
179 46.81030297279358
180 26.28739070892334
181 159.11510705947876
182 66.51223349571228
183 102.08847188949585
184 71.38603830337524
185 25.880815029144287
186 187.78739380836487
187 35.08314085006714
188 52.54339933395386
189 27.34622550010681
190 26.38125514984131
191 26.404450178146362
192 71.36768555641174
193 25.814839363098145
194 269.4174780845642
195 72.29003930091858
196 39.55023670196533
197 25.969550848007202
198 69.25143384933472
199 62.48839545249939
200 29.078083038330078
201 26.778607845306396
202 28.285736560821533
203 48.26706290245056
204 125.22325539588928
0 27.923539876937866
1 41.91307330131531
2 30.421045780181885
3 40.61625623703003
4 26.981178760528564
5 25.802393436431885
6 39.645490407943726
7 143.29678082466125
8 26.465203762054443
9 27.199643850326538
10 23.4536190032959
11 27.28509831428528
12 73.26502537727356
13 28.25641679763794
14 36.480589389801025
15 26.169404983520508
16 25.860698699951172
17 26.46172595024109
18 138.36082291603088
19 55.015918254852295
20 27.07782769203186
21 89.6083767414093
22 30.58207416534424
23 30.778165817260742
24 23.08639931678772
25 56.521387815475464
26 38.09007239341736
27 287.3529028892517
28 27.23661732673645
29 27.546603202819824
30 77.05037188529968
31 171.29601001739502
32 153.7246446609497
33 185.11634254455566
34 27.098802089691162
35 41.53892993927002
36 24.254231691360474
37 41.31256341934204
38 28.055306911468506
39 41.86016368865967
40 25.66212010383606
41 27.42833685874939
42 28.09032392501831
43 26.356436014175415
44 91.6608293056488
45 89.52704572677612
46 36.14323878288269
47 26.231635093688965
48 47.62956953048706
49 53.86057806015015
50 84.70684432983398
51 228.86225819587708
52 257.7355773448944
53 88.15038800239563
54 27.116547107696533
55 46.794878244400024
56 210.96028757095337
57 54.99443554878235
58 54.4360032081604
59 26.865234851837158
60 255.5436568260193
61 26.49706482887268
62 68.49382281303406
63 230.91497254371643
64 26.131797075271606
65 39.45011377334595
66 34.41004967689514
67 27.421431303024292
68 27.486286878585815
69 58.683377742767334
70 128.0258629322052
71 258.284960269928
72 27.51271629333496
73 96.98276591300964
74 61.59892654418945
75 128.45297408103943
76 56.682701587677
77 40.6044385433197
78 92.68307280540466
79 28.852072954177856
80 257.25144124031067
81 38.43395113945007
82 25.904191970825195
83 26.339788675308228
84 28.67827582359314
85 125.91298151016235
86 29.19664764404297
87 197.26368856430054
88 26.12871479988098
89 26.581851959228516
90 25.898314476013184
91 271.54218554496765
92 26.31594181060791
93 54.3584463596344
94 23.443065881729126
95 88.09399461746216
96 73.03437161445618
97 265.2499430179596
98 50.40395641326904
99 264.3282194137573
100 189.6354796886444
101 203.2865858078003
102 26.90960192680359
103 31.01160502433777
104 125.78551650047302
105 48.74820876121521
106 23.073211669921875
107 62.7612247467041
108 88.85516810417175
109 26.23453712463379
110 27.274914979934692
111 29.60320234298706
112 190.70591235160828
113 26.899166584014893
114 26.691609621047974
115 29.821418523788452
116 28.583704471588135
117 36.307671546936035
118 26.271301984786987
119 108.22991442680359
120 26.07101535797119
121 124.87127423286438
122 31.968215227127075
123 291.99545669555664
124 29.373063564300537
125 26.659305572509766
126 47.210668087005615
127 44.71397519111633
128 49.453378677368164
129 247.9141447544098
130 30.996213912963867
131 186.5503375530243
132 77.45944356918335
133 40.396535873413086
134 76.2532651424408
135 228.87123155593872
136 30.057310342788696
137 27.586855173110962
138 152.68903422355652
139 98.36331701278687
140 32.04066729545593
141 257.90444588661194
142 45.359365940093994
143 30.41339683532715
144 27.721464157104492
145 100.37321710586548
146 35.26400876045227
147 143.6772301197052
148 108.19966959953308
149 27.992920637130737
150 23.734980583190918
151 115.34891080856323
152 25.99404525756836
153 26.875659942626953
154 22.662111043930054
155 173.43986344337463
156 93.0341420173645
157 44.592835903167725
158 27.160696744918823
159 27.49655318260193
160 174.21171975135803
161 119.82845520973206
162 26.553847074508667
163 29.056532382965088
164 27.673537492752075
165 188.86965918540955
166 28.343993425369263
167 27.997411966323853
168 44.418928384780884
169 36.04712724685669
170 50.4008264541626
171 50.45570397377014
172 33.47743511199951
173 161.41809701919556
174 26.700095176696777
175 42.825541973114014
176 66.08490324020386
177 30.852318048477173
178 27.086547136306763
179 46.670552253723145
180 26.26644778251648
181 161.81978106498718
182 67.70728969573975
183 102.46943640708923
184 72.23982834815979
185 26.282495975494385
186 191.98837637901306
187 35.21649098396301
188 52.2864305973053
189 28.578649520874023
190 26.445826053619385
191 26.5018310546875
192 73.15605688095093
193 27.428970336914062
194 295.56430220603943
195 74.90339088439941
196 41.69885468482971
197 26.350359678268433
198 73.80751323699951
199 63.613980770111084
200 29.300787687301636
