0 30.18773603439331
1 41.01188397407532
2 29.54629683494568
3 39.545650482177734
4 26.37406826019287
5 25.34144353866577
6 38.34712600708008
7 140.50428247451782
8 25.64324140548706
9 26.660890579223633
10 22.911838054656982
11 26.66593313217163
12 72.76593923568726
13 28.000210762023926
14 36.71683168411255
15 25.687639951705933
16 25.907918453216553
17 26.24457812309265
18 136.54245972633362
19 55.284462213516235
20 27.037723541259766
21 89.67424130439758
22 30.59579563140869
23 30.403095245361328
24 23.25168228149414
25 54.88126516342163
26 38.38339900970459
27 288.81260108947754
28 27.50127339363098
29 27.493224143981934
30 78.09161186218262
31 172.2900128364563
32 155.74195647239685
33 188.264408826828
34 28.01579213142395
35 43.28878307342529
36 24.10158944129944
37 42.92567563056946
38 29.1071834564209
39 45.51794719696045
40 25.890689611434937
41 28.441839933395386
42 29.05110740661621
43 27.48519515991211
44 95.88671493530273
45 94.75739526748657
46 40.161258935928345
47 27.804965257644653
48 51.96645450592041
49 57.96831178665161
50 89.44701266288757
51 246.99695825576782
52 279.8354721069336
53 94.11690044403076
54 30.527891397476196
55 51.195122957229614
56 233.30003380775452
57 57.21898937225342
58 58.34939193725586
59 30.61692523956299
60 277.36016392707825
61 27.429601430892944
62 73.99879717826843
63 253.26215624809265
64 29.880456686019897
65 41.06230664253235
66 35.73592209815979
67 31.102309703826904
68 31.562451362609863
69 65.18384385108948
70 136.95032453536987
71 281.75902342796326
72 31.957574367523193
73 106.75740718841553
74 65.73478603363037
75 139.7809281349182
76 63.72035193443298
77 44.36524200439453
78 98.94642925262451
79 31.998144388198853
80 277.06210565567017
81 40.675273180007935
82 26.874267101287842
83 27.890630960464478
84 31.985515832901
85 136.76888799667358
86 32.05126118659973
87 215.1500210762024
88 29.45157027244568
89 28.110830307006836
90 27.83514404296875
91 299.1449484825134
92 27.422391176223755
93 61.80170798301697
94 26.755706071853638
95 94.44098591804504
96 78.8800859451294
97 293.6088445186615
98 56.12363576889038
99 293.12604784965515
100 210.64637565612793
101 217.01584434509277
102 28.789567708969116
103 33.408830642700195
104 141.36495304107666
105 55.34228038787842
106 26.73408603668213
107 70.74002885818481
108 97.02602124214172
109 27.72054433822632
110 30.400694847106934
111 33.09844255447388
112 213.61004281044006
113 29.64490032196045
114 29.524831771850586
115 31.475178956985474
116 31.639354705810547
117 39.21309041976929
118 28.14009690284729
119 122.68246698379517
120 27.535367250442505
121 140.21231937408447
122 35.75332069396973
123 319.6602189540863
124 34.43565130233765
125 29.44108557701111
126 51.23271656036377
127 50.594170331954956
128 58.350642681121826
129 275.91649413108826
130 32.32675886154175
131 208.2858612537384
132 85.87138390541077
133 45.87664747238159
134 82.72877717018127
135 252.09845280647278
136 34.14504361152649
137 31.295991897583008
138 168.0958240032196
139 105.53473424911499
140 34.43941068649292
141 289.75284218788147
142 52.96517610549927
143 33.9655818939209
144 31.010464668273926
145 111.86901950836182
146 39.63007092475891
147 157.4745738506317
148 123.78748607635498
149 31.529188871383667
150 27.17674708366394
151 122.359135389328
152 29.35358500480652
153 31.042009592056274
154 26.630699157714844
155 194.9442150592804
156 105.60418367385864
157 47.80369734764099
158 30.69904327392578
159 31.46835207939148
160 191.84563493728638
161 133.29406118392944
162 26.523115873336792
163 30.977476358413696
164 30.678303003311157
165 202.94097781181335
166 29.594271421432495
167 33.336488246917725
168 48.164440870285034
169 37.08255982398987
170 52.46093535423279
171 47.680490493774414
172 36.4518940448761
173 166.63124632835388
174 29.46654987335205
175 44.115153789520264
176 72.14693927764893
177 31.096089839935303
178 28.34510636329651
179 53.36866879463196
180 29.853436946868896
181 176.12394976615906
182 77.84179782867432
183 115.89878273010254
184 75.62656283378601
185 29.650351524353027
186 209.18530893325806
187 39.19418525695801
188 57.41513991355896
189 31.07469344139099
190 27.764482259750366
191 27.94516611099243
192 79.89346694946289
193 30.417413234710693
194 300.7263264656067
195 83.71807169914246
196 44.94112038612366
197 27.98445224761963
198 76.97641205787659
199 73.42150235176086
200 33.609551191329956
201 27.818275690078735
202 29.816211223602295
203 52.71952772140503
204 136.40609097480774
0 29.283448457717896
1 45.08676815032959
2 34.11911678314209
3 44.34722542762756
4 31.37884020805359
5 27.27889060974121
6 43.5061297416687
7 155.36068487167358
8 27.534652948379517
9 31.20337152481079
10 26.115861415863037
11 30.578432083129883
12 79.8857250213623
13 32.024012088775635
14 41.937703132629395
15 30.13607168197632
16 27.747124910354614
17 31.25048303604126
18 148.79431080818176
19 61.00550556182861
20 28.563926219940186
21 101.27184128761292
22 35.427250385284424
23 32.36728882789612
24 28.275724411010742
25 59.82720899581909
26 42.52544069290161
27 322.3616440296173
28 30.826578378677368
29 30.072921752929688
30 84.14603734016418
31 187.50846338272095
32 170.82987809181213
33 200.60212540626526
34 31.616439819335938
35 46.20665621757507
36 24.998845100402832
37 47.53195023536682
38 31.627777338027954
39 46.334065198898315
40 28.509841442108154
41 29.324524402618408
42 29.938199996948242
43 28.90521240234375
44 97.55821967124939
45 97.39564347267151
46 42.187973499298096
47 30.014644384384155
48 52.58831858634949
49 56.54595422744751
50 93.94233298301697
51 251.66881799697876
52 286.85292506217957
53 95.29105353355408
54 30.878177165985107
55 51.690837144851685
56 230.44038009643555
57 59.860636711120605
58 60.543615102767944
59 29.060479164123535
60 284.4387264251709
61 27.62150764465332
62 79.9878306388855
63 251.87656426429749
64 32.177411794662476
65 43.90741324424744
66 36.46611547470093
67 31.102018356323242
68 29.450518131256104
69 63.433377265930176
70 140.5017216205597
71 285.31634640693665
72 32.95068120956421
73 105.84212183952332
74 69.21561813354492
75 141.28528666496277
76 61.23059034347534
77 42.99970197677612
78 99.29956436157227
79 32.00380897521973
80 280.18291544914246
81 43.26077151298523
82 27.42121195793152
83 29.649798154830933
84 31.91135883331299
85 139.01502180099487
86 32.493520975112915
87 218.1597502231598
88 27.534740924835205
89 29.386135816574097
90 27.854349613189697
91 296.2529721260071
92 27.69354772567749
93 60.403361320495605
94 26.47633147239685
95 96.05493783950806
96 78.45303297042847
97 291.4665217399597
98 58.22265362739563
99 291.85448265075684
100 208.22522735595703
101 214.13320755958557
102 30.466001749038696
103 35.779714822769165
104 134.34010434150696
105 52.5642454624176
106 26.121705293655396
107 72.01063895225525
108 97.19432067871094
109 29.906869173049927
110 28.0691499710083
111 33.707743883132935
112 210.0311722755432
113 27.824904680252075
114 30.858604192733765
115 33.712565898895264
116 30.304495096206665
117 36.62782597541809
118 29.59091305732727
119 119.49084186553955
120 27.813480377197266
121 135.44362616539001
122 33.9509379863739
123 325.55455493927
124 33.417582988739014
125 27.84187602996826
126 52.95542049407959
127 50.03346514701843
128 51.568243741989136
129 269.4904134273529
130 36.26724314689636
131 203.58112931251526
132 82.3236653804779
133 44.64517831802368
134 80.62811040878296
135 250.88230085372925
136 32.31877398490906
137 31.71011447906494
138 165.6815664768219
139 109.04560470581055
140 32.39392304420471
141 280.98559761047363
142 52.06140494346619
143 32.97590637207031
144 32.60175704956055
145 109.77452349662781
146 39.145132303237915
147 156.56664419174194
148 120.07364845275879
149 29.776381254196167
150 25.825143814086914
151 122.80753111839294
152 29.853814840316772
153 28.89254903793335
154 24.68888282775879
155 185.10963368415833
156 102.18603658676147
157 50.49755644798279
158 30.810563564300537
159 31.89447283744812
160 186.73711681365967
161 129.30861043930054
162 25.205790519714355
163 30.57535147666931
164 29.793542623519897
165 199.14469981193542
166 30.35743546485901
167 29.12084698677063
168 51.260822772979736
169 35.427255392074585
170 53.378872871398926
171 50.36058020591736
172 37.456732511520386
173 160.62296843528748
174 28.310426235198975
175 42.26308751106262
176 72.04955053329468
177 31.516170024871826
178 29.164578199386597
179 51.54681944847107
180 27.903493881225586
181 178.18653202056885
182 71.7861225605011
183 110.98954343795776
184 82.49690341949463
185 27.66332697868347
186 212.8949272632599
187 37.77783513069153
188 59.24603509902954
189 30.940519332885742
190 27.889681339263916
191 29.753608465194702
192 78.24698638916016
193 30.008599042892456
194 296.8157641887665
195 77.39019441604614
196 46.33974647521973
197 27.396912574768066
198 76.41140246391296
199 71.43907594680786
200 33.63705801963806
201 28.09210515022278
202 32.258530139923096
203 51.21667981147766
204 137.1452453136444
0 32.19653511047363
1 44.35545873641968
2 32.29209780693054
3 42.89309597015381
4 29.21753978729248
5 27.690448999404907
6 44.89044809341431
7 158.55551719665527
8 27.594057083129883
9 29.10818314552307
10 26.736114501953125
11 29.466050148010254
12 86.55957341194153
13 30.17528009414673
14 38.80963611602783
15 27.779718160629272
16 27.966776132583618
17 28.459000825881958
18 151.09033393859863
19 61.17296814918518
20 28.961332082748413
21 99.26665329933167
22 34.59880805015564
23 32.393242597579956
24 24.647593021392822
25 61.47948622703552
26 43.02120780944824
27 316.6990330219269
28 29.173157215118408
29 29.284285068511963
30 84.39566349983215
31 187.79140043258667
32 167.56661319732666
33 204.467444896698
34 29.211284160614014
35 44.76068425178528
36 26.833055019378662
37 46.26362419128418
38 29.688642263412476
39 48.9984872341156
40 29.203887224197388
41 28.96648120880127
42 32.641791105270386
43 27.5613751411438
44 97.45853686332703
45 96.38725352287292
46 39.10676884651184
47 30.109513759613037
48 52.85776925086975
49 57.399086713790894
50 93.42710518836975
51 246.3584189414978
52 285.28489899635315
53 97.7790732383728
54 28.951355934143066
55 52.96635413169861
56 231.94999814033508
57 58.336325883865356
58 60.55150651931763
59 31.101088523864746
60 288.7224316596985
61 29.060006856918335
62 75.89424109458923
63 255.42598676681519
64 28.260902643203735
65 45.30367708206177
66 36.688539028167725
67 31.901835680007935
68 29.421584367752075
69 63.953453540802
70 142.1540915966034
71 288.77497911453247
72 31.94731616973877
73 109.1978828907013
74 65.06069755554199
75 143.34317326545715
76 61.882681369781494
77 45.48094844818115
78 101.59529161453247
79 30.56610417366028
80 282.25190782546997
81 43.599533557891846
82 29.673048973083496
83 28.59271502494812
84 30.33325505256653
85 138.26416397094727
86 30.66053557395935
87 218.26095342636108
88 29.42393684387207
89 30.500054836273193
90 28.33211398124695
91 295.47965145111084
92 29.726972818374634
93 58.15347075462341
94 27.419431447982788
95 97.85533666610718
96 77.75708627700806
97 296.5731587409973
98 55.73365116119385
99 292.9267547130585
100 211.53979802131653
101 211.5591230392456
102 29.34168553352356
103 35.95097875595093
104 139.6135196685791
105 54.07528519630432
106 25.72109603881836
107 69.6233868598938
108 98.28210687637329
109 27.81620693206787
110 30.71418571472168
111 34.2788348197937
112 207.98025679588318
113 28.428323984146118
114 28.81355094909668
115 33.67892122268677
116 31.210097312927246
117 39.400858640670776
118 27.88394284248352
119 121.59389591217041
120 27.987096309661865
121 139.75645184516907
122 34.56216764450073
123 324.3611888885498
124 34.69207310676575
125 30.738009691238403
126 51.648430824279785
127 50.21392035484314
128 55.05260181427002
129 274.62989139556885
130 34.86063313484192
131 203.4053876399994
132 83.91032981872559
133 43.84544515609741
134 77.72782111167908
135 248.96047282218933
136 34.75720524787903
137 29.187647342681885
138 168.26812481880188
139 108.11023592948914
140 35.13130283355713
141 280.23913979530334
142 51.83825945854187
143 34.45404243469238
144 29.348966360092163
145 110.04525661468506
146 39.42077088356018
147 157.37556982040405
148 121.04013538360596
149 30.493393659591675
150 25.97121024131775
151 120.73112297058105
152 28.076013326644897
153 31.082440853118896
154 24.57499670982361
155 189.19995737075806
156 101.82984519004822
157 49.114351987838745
158 31.275104999542236
159 31.59790539741516
160 185.77744936943054
161 131.52928566932678
162 24.80185317993164
163 30.465431451797485
164 30.924116611480713
165 195.43842911720276
166 29.68706226348877
167 31.835744619369507
168 47.32003426551819
169 36.8987500667572
170 53.79208993911743
171 50.22369647026062
172 36.65276002883911
173 158.91843032836914
174 28.019531726837158
175 42.11584258079529
176 72.14455652236938
177 31.813995838165283
178 30.88513445854187
179 52.14533352851868
180 27.716676712036133
181 174.21574425697327
182 77.62482380867004
183 108.30025124549866
184 82.65010809898376
185 29.903050422668457
186 204.69270133972168
187 39.600691080093384
188 58.15493583679199
189 28.379989624023438
190 27.996761560440063
191 30.542295455932617
192 76.38651585578918
193 27.954986810684204
194 298.2916748523712
195 79.88369631767273
196 46.38645005226135
197 29.909181356430054
198 77.07876062393188
199 69.04658699035645
200 33.369760274887085
201 28.250606536865234
202 29.927743673324585
203 51.090880155563354
204 136.45674180984497
0 29.319095373153687
1 45.07502746582031
2 31.793739318847656
3 42.54786443710327
4 28.978028535842896
5 27.74762272834778
6 43.594022035598755
7 157.0776331424713
8 29.804803371429443
9 29.025421142578125
10 24.379538774490356
11 30.819233894348145
12 82.41839528083801
13 30.379955530166626
14 41.27358412742615
15 28.03100323677063
16 27.881022214889526
17 28.31690287590027
18 154.63046956062317
19 61.224729776382446
20 30.933032989501953
21 97.10805368423462
22 34.53378748893738
23 34.747257471084595
24 24.913066864013672
25 62.194870948791504
26 42.712918519973755
27 318.09838676452637
28 31.34797239303589
29 28.8495991230011
30 86.05648803710938
31 191.7549183368683
32 168.6389558315277
33 204.72405242919922
34 31.14773964881897
35 46.61276030540466
36 25.14973211288452
37 46.3903923034668
38 31.24204993247986
39 44.95586800575256
40 26.77628445625305
41 29.331471920013428
42 30.0107741355896
43 29.5866539478302
44 99.17431354522705
45 95.12576413154602
46 38.77433180809021
47 27.76877450942993
48 53.29554009437561
49 58.83938932418823
50 95.18734955787659
51 248.63159370422363
52 279.72274351119995
53 94.85599517822266
54 31.19922637939453
55 49.908687114715576
56 221.98687934875488
57 59.08632946014404
58 58.917203187942505
59 30.513641357421875
60 268.984322309494
61 27.723400831222534
62 74.37826418876648
63 244.1257402896881
64 30.04897952079773
65 41.18758201599121
66 36.71070456504822
67 28.67920160293579
68 31.413803815841675
69 60.746495723724365
70 132.66738152503967
71 274.15268659591675
72 28.712533235549927
73 101.04501128196716
74 66.57339906692505
75 133.61384177207947
76 59.241525650024414
77 41.93787479400635
78 96.82929420471191
79 29.397725820541382
80 270.322242975235
81 40.75929641723633
82 27.3930561542511
83 27.67467474937439
84 29.322401762008667
85 131.5157914161682
86 29.843547821044922
87 206.32223439216614
88 27.27924680709839
89 28.15987777709961
90 27.40711998939514
91 281.6403567790985
92 27.73575258255005
93 56.78297567367554
94 24.46114206314087
95 90.03668689727783
96 76.09245896339417
97 278.84491539001465
98 53.61934852600098
99 273.9485230445862
100 198.3627896308899
101 204.47110676765442
102 27.80279779434204
103 32.55239701271057
104 131.23579812049866
105 51.22983932495117
106 24.389464616775513
107 65.12545943260193
108 91.79002857208252
109 26.68419051170349
110 27.698741674423218
111 30.580090045928955
112 201.41884231567383
113 27.269505262374878
114 28.556517124176025
115 30.981263399124146
116 29.001444101333618
117 36.590359687805176
118 26.80125856399536
119 111.88504981994629
120 27.052104711532593
121 128.70743346214294
122 32.95344662666321
123 303.5211913585663
124 30.858595609664917
125 27.508763790130615
126 48.94732213020325
127 46.803940534591675
128 50.68719172477722
129 257.28454780578613
130 34.30399489402771
131 194.50854063034058
132 80.4777340888977
133 42.3272180557251
134 75.28936815261841
135 236.19319653511047
136 32.09837460517883
137 28.878133296966553
138 159.33275413513184
139 101.99277544021606
140 32.20943212509155
141 268.0681736469269
142 48.07945728302002
143 31.57698678970337
144 28.875824451446533
145 106.0055615901947
146 37.367945194244385
147 151.05324912071228
148 114.17980098724365
149 29.427111864089966
150 25.485795259475708
151 118.73847484588623
152 27.61274290084839
153 28.742536544799805
154 24.16672992706299
155 181.777770280838
156 97.8365650177002
157 45.98660683631897
158 28.44337558746338
159 29.075210094451904
160 178.26267337799072
161 123.40442371368408
162 24.181422472000122
163 29.625144243240356
164 28.75048303604126
165 187.8765480518341
166 29.687562465667725
167 29.190696954727173
168 46.15031027793884
169 34.598342180252075
170 50.20577883720398
171 47.05124020576477
172 34.91287684440613
173 151.20979976654053
174 27.04792857170105
175 43.76653981208801
176 68.85985922813416
177 32.30402970314026
178 28.62614631652832
179 48.947232484817505
180 27.540561199188232
181 170.39058470726013
182 71.1194167137146
183 107.30844593048096
184 75.36589455604553
185 27.454421997070312
186 198.35031533241272
187 37.502399921417236
188 54.675498723983765
189 29.120647430419922
190 28.55726456642151
191 27.58252739906311
192 75.01280617713928
193 27.747572660446167
194 283.87019538879395
195 76.27699899673462
196 41.82486438751221
197 27.042662382125854
198 74.24052739143372
199 65.84931492805481
200 31.257328271865845
201 27.697465419769287
202 28.992863178253174
203 50.62270951271057
204 129.17689418792725
0 28.9906063079834
1 43.9191575050354
2 31.511472702026367
3 41.9855055809021
4 28.41149377822876
5 26.717320680618286
6 40.660999059677124
7 149.50627732276917
8 27.39431381225586
9 27.966627836227417
10 24.558375358581543
11 27.995712280273438
12 76.81861305236816
13 29.845327138900757
14 38.58130669593811
15 27.466078758239746
16 27.161262035369873
17 29.911062240600586
18 144.86470746994019
19 57.61720085144043
20 28.3172128200531
21 93.41146087646484
22 31.914543867111206
23 32.23522877693176
24 24.54470419883728
25 57.10808205604553
26 40.46038556098938
27 302.10927176475525
28 29.100053310394287
29 28.648497581481934
30 81.82715082168579
31 179.45736503601074
32 162.2456340789795
33 195.6665904521942
34 30.88787078857422
35 43.17746162414551
36 24.40936851501465
37 43.6868941783905
38 29.305610418319702
39 44.231078147888184
40 27.03762674331665
41 28.97151017189026
42 28.991265058517456
43 27.46123766899109
44 96.28860640525818
45 93.7947449684143
46 38.03314661979675
47 28.075117349624634
48 50.276278495788574
49 56.41803765296936
50 88.04143762588501
51 238.32099437713623
52 270.7871217727661
53 91.43906450271606
54 28.728476524353027
55 50.00513410568237
56 223.16083931922913
57 58.12613773345947
58 56.768908739089966
59 30.657673597335815
60 273.4130198955536
61 28.010406970977783
62 73.6815435886383
63 244.52041101455688
64 27.965532779693604
65 41.55214476585388
66 36.416467905044556
67 29.47407841682434
68 29.762561082839966
69 60.69969439506531
70 133.87947583198547
71 281.5878839492798
72 28.67454743385315
73 101.48856782913208
74 63.27626276016235
75 135.68956303596497
76 59.07637977600098
77 42.45012283325195
78 97.57742547988892
79 30.0312283039093
80 268.4858777523041
81 41.056567668914795
82 27.2830069065094
83 27.517611980438232
84 29.840238094329834
85 132.60890078544617
86 29.615158319473267
87 207.3717393875122
88 27.35859775543213
89 27.926016569137573
90 28.019686222076416
91 286.56030797958374
92 27.171884775161743
93 56.84341287612915
94 25.086591958999634
95 91.96419072151184
96 76.74629974365234
97 277.82994651794434
98 54.19174075126648
99 276.91388964653015
100 200.2281095981598
101 204.6485240459442
102 28.477047204971313
103 33.400699615478516
104 132.57724618911743
105 50.621442794799805
106 24.068811416625977
107 66.60767340660095
108 93.646653175354
109 27.42717146873474
110 28.31580924987793
111 31.03207015991211
112 203.61297488212585
113 27.434343576431274
114 28.35343074798584
115 31.400622844696045
116 30.675004720687866
117 36.21596384048462
118 27.15672469139099
119 114.99126195907593
120 27.418476104736328
121 129.2846577167511
122 33.66930890083313
123 303.1388301849365
124 30.804723262786865
125 28.47642946243286
126 48.5975558757782
127 46.64339065551758
128 53.481817960739136
129 262.7784857749939
130 32.01612043380737
131 200.66793775558472
132 80.60332155227661
133 42.96845602989197
134 77.9798948764801
135 237.2620611190796
136 32.20829629898071
137 28.6777663230896
138 162.2524139881134
139 104.57968544960022
140 33.125776290893555
141 278.71579575538635
142 48.58364796638489
143 32.24178886413574
144 28.90071964263916
145 111.12352252006531
146 39.0247700214386
147 159.0864553451538
148 117.01467251777649
149 29.81253743171692
150 27.431702375411987
151 121.98567056655884
152 27.45480704307556
153 29.69680428504944
154 26.15130043029785
155 191.32979488372803
156 106.21461963653564
157 50.152482748031616
158 28.97252058982849
159 31.570725440979004
160 190.53607201576233
161 125.99772906303406
162 26.8659348487854
163 33.68476152420044
164 30.574195384979248
165 201.0094347000122
166 31.847095489501953
167 29.056853771209717
168 49.48024296760559
169 39.29600143432617
170 52.67506814002991
171 51.75881552696228
172 36.81767988204956
173 161.84860157966614
174 29.748597621917725
175 44.33517503738403
176 74.33596539497375
177 31.76615571975708
178 29.085267782211304
179 53.954569578170776
180 29.977375745773315
181 177.05680418014526
182 74.58071613311768
183 112.22706580162048
184 77.5021390914917
185 30.02033519744873
186 207.92934203147888
187 40.51321482658386
188 58.46712374687195
189 31.07396173477173
190 30.330687999725342
191 28.755523204803467
192 81.68680739402771
193 28.0792236328125
194 301.4995698928833
195 80.3501307964325
196 41.933417320251465
197 31.921815872192383
198 78.0860242843628
199 70.2549991607666
200 31.41631841659546
201 27.965797424316406
202 30.209522485733032
203 53.29985022544861
204 141.31444430351257
0 32.24830603599548
1 44.36071991920471
2 34.149768590927124
3 43.03191161155701
4 31.807693481445312
5 30.062966108322144
6 41.937164545059204
7 162.6777102947235
8 30.3235502243042
9 32.65772533416748
10 24.869242906570435
11 30.456228017807007
12 81.04040336608887
13 30.122098684310913
14 43.3000762462616
15 30.588635206222534
16 27.670735836029053
17 28.646294116973877
18 156.09536719322205
19 63.32530331611633
20 31.057666063308716
21 101.26861786842346
22 32.5275604724884
23 35.96777105331421
24 26.30733847618103
25 59.965157985687256
26 43.2763454914093
27 325.7353241443634
28 31.534008979797363
29 30.63880968093872
30 87.55548667907715
31 193.3976230621338
32 174.46679043769836
33 210.06160068511963
34 29.254758834838867
35 45.79004406929016
36 28.306978702545166
37 46.59882044792175
38 31.4789981842041
39 47.15549898147583
40 26.607577323913574
41 29.227073669433594
42 32.69587993621826
43 29.720216512680054
44 109.52782535552979
45 97.1831202507019
46 42.75072526931763
47 30.04972743988037
48 51.850690841674805
49 61.88633942604065
50 93.93940711021423
51 255.82919549942017
52 290.5787265300751
53 99.17972302436829
54 30.986843585968018
55 54.913697481155396
56 238.84159421920776
57 59.904457330703735
58 59.60380220413208
59 30.929320812225342
60 287.0283639431
61 31.828389883041382
62 77.45791244506836
63 263.44409227371216
64 30.297098636627197
65 41.58716106414795
66 38.16765069961548
67 32.23591995239258
68 31.577754974365234
69 65.83042597770691
70 145.4924352169037
71 294.4655532836914
72 31.400652408599854
73 109.02756452560425
74 68.52985525131226
75 140.00435090065002
76 65.29497528076172
77 46.92298197746277
78 105.1382827758789
79 29.54378843307495
80 286.31555914878845
81 43.42212724685669
82 29.575123071670532
83 29.60426664352417
84 31.73367190361023
85 140.18797206878662
86 31.741851806640625
87 220.53698658943176
88 29.98014783859253
89 27.986254453659058
90 29.41567873954773
91 298.9744656085968
92 29.73160219192505
93 64.3517439365387
94 24.406335592269897
95 99.78962588310242
96 78.85330724716187
97 295.32178378105164
98 56.87154579162598
99 296.0212662220001
100 209.10716605186462
101 219.42603135108948
102 30.920432329177856
103 33.908082008361816
104 141.13978362083435
105 56.25669479370117
106 24.716652393341064
107 70.2996621131897
108 96.38842630386353
109 27.806971073150635
110 30.62472367286682
111 33.89706254005432
112 215.2665994167328
113 27.61425542831421
114 30.69000768661499
115 32.64769124984741
116 32.155482053756714
117 39.59427618980408
118 29.780704021453857
119 118.3967514038086
120 29.513486623764038
121 140.1554765701294
122 33.77413010597229
123 322.38205647468567
124 33.41095495223999
125 29.921924591064453
126 53.75631356239319
127 49.60496187210083
128 53.92629551887512
129 277.4512891769409
130 33.39125466346741
131 204.90910291671753
132 84.49455070495605
133 46.402302742004395
134 80.81589674949646
135 250.0180366039276
136 34.28290796279907
137 31.110666036605835
138 167.8923943042755
139 105.98477625846863
140 34.34260559082031
141 278.408992767334
142 52.65981388092041
143 35.122451066970825
144 30.6709463596344
145 108.64500308036804
146 39.195719718933105
147 162.4656434059143
148 122.0619478225708
149 31.673760414123535
150 27.6858811378479
151 119.27221608161926
152 29.913280487060547
153 30.376354217529297
154 26.23634123802185
155 194.12592911720276
156 101.82273411750793
157 49.54914379119873
158 29.42930507659912
159 31.477908849716187
160 185.37341141700745
161 127.81895017623901
162 26.42595410346985
163 31.53585720062256
164 29.574198484420776
165 196.24847555160522
166 29.352222442626953
167 28.819408655166626
168 48.461689710617065
169 40.03445839881897
170 50.27259087562561
171 51.50079917907715
172 37.47409987449646
173 157.23540496826172
174 27.594295978546143
175 44.10165786743164
176 72.88756847381592
177 30.81100296974182
178 30.61816954612732
179 49.32885456085205
180 28.86882972717285
181 178.28793668746948
182 72.3871910572052
183 113.24993801116943
184 77.19948482513428
185 29.204314708709717
186 203.83622932434082
187 39.537354707717896
188 58.758240699768066
189 28.670774459838867
190 29.861321449279785
191 27.55877709388733
192 79.22688484191895
193 29.553826332092285
194 297.59701323509216
195 80.70529913902283
196 45.043110847473145
197 27.26496458053589
198 78.25846982002258
199 67.72221732139587
200 33.521836280822754
201 28.033484935760498
202 29.64353895187378
203 51.0696964263916
204 133.30823016166687
0 29.593348264694214
1 43.12599301338196
2 31.513627290725708
3 42.91225051879883
4 29.725855827331543
5 26.651716470718384
6 42.922998905181885
7 148.33381485939026
8 28.89447546005249
9 27.992936849594116
10 24.25196623802185
11 28.34550404548645
12 76.42617607116699
13 31.729366779327393
14 37.857836961746216
15 27.01515245437622
16 26.79660964012146
17 27.951176404953003
18 142.05168271064758
19 57.29354190826416
20 28.11977982521057
21 93.9890365600586
22 32.33707904815674
23 32.110716819763184
24 26.634748935699463
25 56.68531084060669
26 39.66025424003601
27 298.04039669036865
28 28.72239112854004
29 28.40355610847473
30 79.95882892608643
31 176.22980976104736
32 157.19157934188843
33 191.00824689865112
34 27.428107023239136
35 42.92815637588501
36 24.30311894416809
37 42.39290118217468
38 28.490928173065186
39 43.73514437675476
40 25.96255612373352
41 28.25734782218933
42 28.781709671020508
43 27.359874963760376
44 94.15450882911682
45 92.22021150588989
46 37.23707890510559
47 27.82507014274597
48 49.39410090446472
49 55.447086811065674
50 86.7574713230133
51 232.84889841079712
52 265.9869394302368
53 89.28912687301636
54 28.24225616455078
55 48.45926117897034
56 217.31762433052063
57 55.87077045440674
58 56.65959596633911
59 27.782145023345947
60 264.2161250114441
61 26.970746278762817
62 70.77937984466553
63 237.6630997657776
64 26.947821140289307
65 40.90366506576538
66 34.68912863731384
67 29.342788219451904
68 28.4470112323761
69 59.817299604415894
70 130.569748878479
71 269.6869480609894
72 28.333699703216553
73 99.67653799057007
74 63.09720277786255
75 131.78423261642456
76 57.44629907608032
77 42.12518501281738
78 95.60753774642944
79 29.49537205696106
80 262.9594781398773
81 39.301891803741455
82 26.627456665039062
83 27.556856155395508
84 29.402061462402344
85 129.7095377445221
86 29.199960708618164
87 203.4075150489807
88 26.894816875457764
89 27.237606048583984
90 27.219598054885864
91 280.5537416934967
92 27.10836958885193
93 56.68088483810425
94 24.314189434051514
95 90.68472909927368
96 75.41933703422546
97 274.10922932624817
98 53.10011434555054
99 273.558406829834
100 195.56138491630554
101 200.78490686416626
102 28.195167303085327
103 32.18166732788086
104 130.72084784507751
105 50.79319190979004
106 23.979568481445312
107 65.60409569740295
108 89.95087218284607
109 27.25728964805603
110 27.564403295516968
111 30.39562678337097
112 196.44805479049683
113 26.922661304473877
114 27.542091131210327
115 31.00053119659424
116 29.5939998626709
117 36.00353693962097
118 27.01356554031372
119 111.2991235256195
120 26.494840621948242
121 126.49206185340881
122 32.917060136795044
123 297.80727219581604
124 30.167309284210205
125 27.87277889251709
126 47.81995725631714
127 45.776400566101074
128 50.92022895812988
129 253.93224263191223
130 31.797300577163696
131 188.96495056152344
132 78.33955645561218
133 42.3989953994751
134 74.28220868110657
135 230.94544219970703
136 31.352782249450684
137 28.73233675956726
138 156.19749522209167
139 100.17275190353394
140 32.01483726501465
141 264.99822092056274
142 47.71185898780823
143 31.19684863090515
144 28.669788360595703
145 103.7521984577179
146 36.346617221832275
147 148.23152232170105
148 112.29725742340088
149 28.81105375289917
150 25.657249689102173
151 116.81193709373474
152 26.984132051467896
153 28.29908514022827
154 23.598433256149292
155 176.46597290039062
156 96.806636095047
157 45.8672456741333
158 27.75765371322632
159 28.788771390914917
160 175.8326268196106
161 121.8876724243164
162 23.727258682250977
163 29.38809108734131
164 27.663980722427368
165 185.62872648239136
166 29.304442644119263
167 28.47343349456787
168 45.61542868614197
169 34.566142082214355
170 49.420573472976685
171 46.96476101875305
172 33.653077840805054
173 148.80411911010742
174 26.737862586975098
175 41.65899682044983
176 68.46379947662354
177 29.026052713394165
178 27.808544158935547
179 47.966087341308594
180 26.483481645584106
181 164.15109372138977
182 69.62186908721924
183 104.65615034103394
184 73.855384349823
185 27.15662407875061
186 194.23282146453857
187 36.665180921554565
188 54.08908820152283
189 28.339921474456787
190 27.487712860107422
191 27.635715007781982
192 73.70306992530823
193 26.762465953826904
194 277.22041177749634
195 74.73833394050598
196 40.79907727241516
197 27.33537530899048
198 72.45051050186157
199 65.4183611869812
200 30.07122778892517
201 27.423009634017944
202 29.084036827087402
203 48.97886943817139
204 127.33686232566833
0 28.56882643699646
1 43.44459795951843
2 30.978155612945557
3 40.96457600593567
4 28.18010449409485
5 26.46239161491394
6 39.72042489051819
7 147.29123520851135
8 26.664801836013794
9 27.92318296432495
10 23.967892169952393
11 27.582670211791992
12 76.67983269691467
13 29.039524793624878
14 38.01143956184387
15 26.937618017196655
16 26.632973194122314
17 27.607661485671997
18 141.10685086250305
19 57.48764610290527
20 28.231648683547974
21 92.7257890701294
22 31.559147357940674
23 31.272168159484863
24 24.374541997909546
25 56.190749168395996
26 39.40531325340271
27 297.33325242996216
28 28.52706003189087
29 27.94501495361328
30 80.00065803527832
31 174.53376245498657
32 157.7892348766327
33 189.7484211921692
34 28.57748508453369
35 42.264873027801514
36 24.179306507110596
37 43.22789549827576
38 28.461185455322266
39 43.24857687950134
40 25.728686809539795
41 28.245287656784058
42 29.542742490768433
43 26.51673722267151
44 94.21124744415283
45 92.15836000442505
46 37.23387598991394
47 27.114004611968994
48 49.75912070274353
49 54.6422483921051
50 86.74761176109314
51 233.64860892295837
52 264.3388817310333
53 90.22406315803528
54 29.174790143966675
55 48.91753435134888
56 215.82891273498535
57 56.436978816986084
58 55.119980573654175
59 27.979270935058594
60 263.7025628089905
61 27.098115921020508
62 71.18752336502075
63 238.20922207832336
64 27.1348397731781
65 40.17120385169983
66 35.17485761642456
67 28.387991905212402
68 28.327802181243896
69 59.24088668823242
70 130.63351798057556
71 271.8056800365448
72 28.39371418952942
73 98.90947341918945
74 63.17223072052002
75 132.9690124988556
76 58.30899715423584
77 41.54053831100464
78 95.20899605751038
79 28.588483095169067
80 261.9924986362457
81 39.81876754760742
82 27.234463930130005
83 27.122498273849487
84 28.821831941604614
85 128.52233934402466
86 29.920817613601685
87 202.26185941696167
88 27.33298945426941
89 27.21207857131958
90 27.060415267944336
91 278.60098481178284
92 27.264368772506714
93 56.86079120635986
94 23.703354358673096
95 90.38498711585999
96 74.86781120300293
97 274.05246758461
98 52.895264625549316
99 274.4766182899475
100 196.543860912323
101 201.19935703277588
102 28.05868124961853
103 32.723790407180786
104 129.61243963241577
105 50.05111122131348
106 24.13378071784973
107 64.82161450386047
108 91.35262656211853
109 26.752366065979004
110 27.20782709121704
111 30.655848741531372
112 198.75890946388245
113 26.668893575668335
114 28.32314443588257
115 30.782446146011353
116 29.818729162216187
117 36.380828857421875
118 27.184482097625732
119 111.12532377243042
120 26.93824553489685
121 128.71586894989014
122 33.02105689048767
123 301.61779379844666
124 31.088626384735107
125 27.589317798614502
126 48.14253258705139
127 47.075578451156616
128 50.92579793930054
129 256.0235502719879
130 31.52103018760681
131 191.50548672676086
132 79.74045705795288
133 41.96019124984741
134 75.63065576553345
135 234.80323672294617
136 31.945903778076172
137 28.8271746635437
138 156.58179450035095
139 101.09759902954102
140 31.893874883651733
141 264.9033877849579
142 47.53503894805908
143 30.911592483520508
144 28.113292694091797
145 104.57943224906921
146 36.4901077747345
147 149.54347372055054
148 111.9396390914917
149 29.74471640586853
150 25.07211399078369
151 116.36761021614075
152 26.575729608535767
153 28.174335718154907
154 24.612239360809326
155 176.90484261512756
156 95.39298915863037
157 45.75037717819214
158 27.676473140716553
159 29.13525938987732
160 175.65958428382874
161 120.93371415138245
162 24.031484603881836
163 29.23862910270691
164 27.892374992370605
165 184.10636687278748
166 29.073354482650757
167 28.223052501678467
168 44.79775786399841
169 34.39623284339905
170 51.05080842971802
171 46.04688906669617
172 34.44121265411377
173 148.4425916671753
174 27.07687783241272
175 40.89570450782776
176 67.73789405822754
177 28.528850317001343
178 30.48019576072693
179 47.774927377700806
180 26.714411973953247
181 163.73633909225464
182 68.46610474586487
183 104.98060989379883
184 74.19232559204102
185 26.862765312194824
186 193.53493547439575
187 36.791552782058716
188 53.6702082157135
189 27.931723594665527
190 26.87816333770752
191 27.310357570648193
192 73.00674939155579
193 26.985161304473877
194 276.9886453151703
195 74.58224654197693
196 40.77768874168396
197 26.57366180419922
198 72.461590051651
199 64.81624126434326
200 30.59298062324524
201 27.170020580291748
202 28.5601863861084
203 49.21865963935852
204 127.50055861473083
0 28.785322189331055
1 42.79614305496216
2 30.93310570716858
3 40.809056997299194
4 27.422250270843506
5 26.513612270355225
6 39.928505659103394
7 146.45134925842285
8 26.807488918304443
9 27.901445150375366
10 23.391613721847534
11 27.965078353881836
12 76.01233530044556
13 29.100470304489136
14 37.520140409469604
15 26.678521394729614
16 27.65558695793152
17 27.53853178024292
18 142.02569246292114
19 57.42937421798706
20 28.14724564552307
21 91.6105387210846
22 31.824594259262085
23 31.359615802764893
24 23.993342876434326
25 58.44025206565857
26 39.65610909461975
27 297.0159502029419
28 27.788769483566284
29 28.103527545928955
30 80.17681169509888
31 174.8737142086029
32 158.69571232795715
33 191.4486689567566
34 28.29457664489746
35 42.60694360733032
36 24.061913013458252
37 43.18082046508789
38 30.947586059570312
39 43.85978841781616
40 26.873343229293823
41 27.989794492721558
42 28.784985542297363
43 27.0962495803833
44 95.00181531906128
45 91.78781223297119
46 37.42657446861267
47 27.20612144470215
48 49.14632439613342
49 55.06573009490967
50 85.84480738639832
51 234.4262936115265
52 264.6644594669342
53 92.86819458007812
54 27.628096342086792
55 48.31706643104553
56 216.68483018875122
57 55.93904447555542
58 55.13777542114258
59 27.91899061203003
60 264.1586956977844
61 26.895028352737427
62 70.4140932559967
63 238.32986068725586
64 27.25174570083618
65 40.39015030860901
66 35.42507529258728
67 28.307425498962402
68 28.701340675354004
69 59.78335380554199
70 129.9853813648224
71 272.0919222831726
72 28.68116021156311
73 100.68001651763916
74 64.28882265090942
75 132.971741437912
76 58.29663157463074
77 41.780765533447266
78 96.04655718803406
79 29.657710552215576
80 264.89432740211487
81 39.596657276153564
82 26.795180559158325
83 27.43416166305542
84 28.71493101119995
85 129.82781219482422
86 29.67145848274231
87 202.90168571472168
88 27.017823934555054
89 27.1801860332489
90 27.17045783996582
91 280.26612305641174
92 26.90096640586853
93 56.300002098083496
94 24.277169466018677
95 90.17310237884521
96 75.80717015266418
97 273.5928244590759
98 52.31937336921692
99 273.45398712158203
100 195.83610820770264
101 200.55438017845154
102 28.182149171829224
103 32.486762046813965
104 130.07767629623413
105 50.07322144508362
106 24.39508080482483
107 65.3874580860138
108 90.64250612258911
109 27.07136631011963
110 27.80429196357727
111 30.797139883041382
112 200.04791045188904
113 27.022185802459717
114 27.92903733253479
115 31.2847797870636
116 29.377610206604004
117 35.86256527900696
118 27.00107431411743
119 113.3468611240387
120 27.149582386016846
121 127.25412845611572
122 33.14332866668701
123 303.3807806968689
124 30.737592697143555
125 27.655006647109985
126 48.105746269226074
127 45.89627718925476
128 51.149117946624756
129 253.5222029685974
130 31.97108006477356
131 191.37406373023987
132 79.67382764816284
133 42.30210828781128
134 75.60560774803162
135 233.23632431030273
136 31.563321113586426
137 28.711132287979126
138 157.01409196853638
139 100.98005199432373
140 31.997310638427734
141 262.6810746192932
142 47.59438633918762
143 31.31199622154236
144 28.435784578323364
145 104.84406113624573
146 36.458083629608154
147 147.91516184806824
148 111.56934356689453
149 28.690253496170044
150 24.843831300735474
151 115.82766032218933
152 26.689015865325928
153 28.004559993743896
154 23.871771812438965
155 177.75217533111572
156 96.52248001098633
157 45.25643992424011
158 28.29138469696045
159 28.596543788909912
160 175.0625777244568
161 121.09617495536804
162 23.84523320198059
163 29.204596996307373
164 28.104755401611328
165 184.9642617702484
166 28.75528836250305
167 29.16408920288086
168 45.998929262161255
169 34.522411823272705
170 49.66071820259094
171 45.93170619010925
172 33.57897353172302
173 149.1212556362152
174 26.901371955871582
175 40.48702669143677
176 67.88852500915527
177 28.70686650276184
178 28.0189950466156
179 48.32863211631775
180 26.854671001434326
181 163.41824007034302
182 68.86471056938171
183 104.43238377571106
184 73.50300550460815
185 26.87043070793152
186 193.29376578330994
187 36.233365058898926
188 54.066065549850464
189 28.44136953353882
190 27.306485652923584
191 27.582231283187866
192 73.01796960830688
193 27.28521966934204
194 276.7951490879059
195 75.17199444770813
196 40.630964040756226
197 26.644392013549805
198 72.2482979297638
199 65.50584626197815
200 30.234337329864502
201 27.436503410339355
202 28.725697994232178
203 49.23902106285095
204 127.06450581550598
0 28.457963466644287
1 43.68318963050842
2 30.839186668395996
3 41.1830039024353
4 28.19578790664673
5 26.569543838500977
6 40.25281858444214
7 147.33201432228088
8 26.53279733657837
9 28.056703090667725
10 23.689446926116943
11 28.01807928085327
12 75.40880870819092
13 29.031174659729004
14 37.63184571266174
15 27.274728059768677
16 26.916924476623535
17 27.489445686340332
18 141.60395669937134
19 57.38118028640747
20 27.741946697235107
21 91.65105628967285
22 31.632699251174927
23 32.100720167160034
24 23.68911838531494
25 55.994688510894775
26 39.61214542388916
27 297.5191366672516
28 28.187771797180176
29 28.303988456726074
30 80.46846556663513
31 176.347980260849
32 157.47893047332764
33 189.86670970916748
34 28.323583126068115
35 42.850945472717285
36 24.287972688674927
37 43.30405116081238
38 28.44653058052063
39 44.03027391433716
40 25.60224986076355
41 28.289040327072144
42 28.721510648727417
43 26.664982795715332
44 94.7701027393341
45 92.8043704032898
46 37.28931522369385
47 27.168476343154907
48 49.755282163619995
49 55.11445212364197
50 86.79404878616333
51 235.5060920715332
52 264.6989552974701
53 90.49274969100952
54 27.90051794052124
55 48.63363552093506
56 218.36995458602905
57 56.00387001037598
58 55.40349984169006
59 28.470561265945435
60 265.4374203681946
61 26.80211043357849
62 71.93366551399231
63 238.62055349349976
64 26.949992179870605
65 40.601112365722656
66 35.711527824401855
67 28.304203271865845
68 28.895942449569702
69 59.784016132354736
70 132.61565041542053
71 270.5882353782654
72 27.894739151000977
73 99.93132615089417
74 63.2567982673645
75 132.97890186309814
76 58.544944047927856
77 41.908615589141846
78 95.80243992805481
79 29.058486461639404
80 262.2142279148102
81 39.84302377700806
82 26.848857879638672
83 27.473474264144897
84 28.661307334899902
85 129.465322971344
86 29.451196432113647
87 203.11046409606934
88 26.966406106948853
89 27.595272541046143
90 27.10300374031067
91 279.68893361091614
92 26.593472957611084
93 56.925222873687744
94 23.72438359260559
95 89.92499589920044
96 75.50945353507996
97 274.1107838153839
98 53.61155319213867
99 272.7966208457947
100 197.10174798965454
101 201.7920844554901
102 27.79871916770935
103 32.59265398979187
104 130.40203499794006
105 49.9427535533905
106 23.83396077156067
107 65.42262744903564
108 90.80788779258728
109 26.93567132949829
110 27.029017210006714
111 30.839372396469116
112 196.97002005577087
113 27.15797710418701
114 28.10710310935974
115 31.341301202774048
116 29.741062879562378
117 35.910446882247925
118 26.959479093551636
119 110.76635932922363
120 26.60718274116516
121 128.65391492843628
122 32.61465001106262
123 301.97128796577454
124 30.65587830543518
125 27.20199966430664
126 47.81329274177551
127 46.35576128959656
128 50.60270023345947
129 255.18787717819214
130 30.98978042602539
131 189.8656759262085
132 78.63184428215027
133 41.748597621917725
134 74.51592087745667
135 232.50777864456177
136 31.931870222091675
137 28.80923891067505
138 157.03387093544006
139 105.92858839035034
140 32.01068687438965
141 266.95265007019043
142 48.382471323013306
143 31.798855781555176
144 28.170732498168945
145 106.14663434028625
146 36.434974670410156
147 151.79936933517456
148 113.70830965042114
149 29.684584140777588
150 25.24399995803833
151 118.00776791572571
152 26.90957999229431
153 28.176323890686035
154 23.848307371139526
155 178.20151615142822
156 96.83039402961731
157 46.53280735015869
158 27.800323963165283
159 31.02089786529541
160 175.54176592826843
161 121.65833854675293
162 23.992421865463257
163 29.621724367141724
164 27.959149599075317
165 185.05479431152344
166 29.408572673797607
167 28.246810913085938
168 45.91391205787659
169 34.644360303878784
170 49.034334659576416
171 46.72091221809387
172 34.478108406066895
173 150.55589294433594
174 27.27781581878662
175 40.80036520957947
176 68.33263087272644
177 29.39275360107422
178 28.266805410385132
179 48.10003924369812
180 28.075146913528442
181 165.39141941070557
182 69.42588257789612
183 105.50705075263977
184 75.33821892738342
185 26.684545755386353
186 195.5451145172119
187 36.58324480056763
188 54.06428408622742
189 28.584369659423828
190 27.434420585632324
191 27.34580111503601
192 74.1510820388794
193 27.361398220062256
194 279.3962094783783
195 74.421879529953
196 41.08063459396362
197 26.862816333770752
198 72.71913623809814
199 64.91466021537781
200 30.574760675430298
201 27.7859947681427
202 28.81619882583618
203 49.48997688293457
204 127.12907004356384
0 28.94455647468567
1 44.27377390861511
2 30.992305994033813
3 41.65783405303955
4 27.977713346481323
5 26.40007972717285
6 40.73884391784668
7 147.9231255054474
8 26.48017716407776
9 27.901700496673584
10 23.64650583267212
11 28.303947687149048
12 75.15667724609375
13 28.73211908340454
14 38.15217471122742
15 26.89436936378479
16 27.08258318901062
17 27.510538816452026
18 142.88955116271973
19 57.34394359588623
20 28.115768432617188
21 92.5960636138916
22 31.915672779083252
23 32.04721641540527
24 24.071632146835327
25 57.288756132125854
26 39.82724356651306
27 295.61480474472046
28 28.6459698677063
29 28.36010718345642
30 79.89968299865723
31 176.41019463539124
32 158.56259560585022
33 192.05440092086792
34 27.96732449531555
35 43.03583335876465
36 24.23322606086731
37 43.54358243942261
38 29.22809362411499
39 43.776928424835205
40 26.2111234664917
41 28.389536380767822
42 28.685291290283203
43 27.30170702934265
44 94.61154007911682
45 93.28519582748413
46 38.0587522983551
47 27.02322292327881
48 49.56225299835205
49 55.13788151741028
50 87.31516456604004
51 235.52310466766357
52 266.4773225784302
53 90.95113062858582
54 28.161735773086548
55 48.67814517021179
56 220.15590381622314
57 57.08838224411011
58 56.88814735412598
59 28.032848119735718
60 269.1481719017029
61 27.30610227584839
62 71.21149778366089
63 239.37600684165955
64 27.587290287017822
65 41.00881290435791
66 35.48444700241089
67 28.484083652496338
68 28.710436820983887
69 60.319907665252686
70 132.03865361213684
71 272.54469561576843
72 28.497974395751953
73 100.40395617485046
74 62.35905694961548
75 133.86258506774902
76 58.386043548583984
77 42.317288637161255
78 96.44194960594177
79 29.653225898742676
80 264.41728043556213
81 40.09278845787048
82 27.08405876159668
83 28.398050785064697
84 29.076439380645752
85 130.49424529075623
86 29.26874303817749
87 205.29347014427185
88 27.188528299331665
89 27.66312003135681
90 27.852816343307495
91 282.48674964904785
92 26.74932050704956
93 56.84032654762268
94 24.64488434791565
95 91.06339049339294
96 75.49468612670898
97 277.27454805374146
98 52.929409980773926
99 274.396687746048
100 196.23281526565552
101 202.0543978214264
102 28.0715491771698
103 32.124786138534546
104 131.24771404266357
105 49.96570110321045
106 24.267285108566284
107 65.46902298927307
108 90.35228610038757
109 27.16933035850525
110 27.44357395172119
111 30.672305822372437
112 198.15284824371338
113 26.790661573410034
114 27.78690004348755
115 31.278326749801636
116 29.528391122817993
117 35.95927143096924
118 26.83350396156311
119 112.15225982666016
120 27.2742977142334
121 129.04796433448792
122 33.44687247276306
123 301.3849239349365
124 30.85725736618042
125 27.99395751953125
126 48.0346839427948
127 46.58673286437988
128 50.894099712371826
129 255.83208417892456
130 31.416303396224976
131 190.80383896827698
132 79.25925612449646
133 42.132508516311646
134 75.96184778213501
135 233.54215598106384
136 31.12231945991516
137 29.408097982406616
138 156.62704181671143
139 100.8951518535614
140 31.72720432281494
141 266.3219096660614
142 47.7543671131134
143 31.19199538230896
144 28.56526517868042
145 104.8471691608429
146 36.256542444229126
147 150.6093168258667
148 112.72710871696472
149 29.595699071884155
150 24.971662759780884
151 116.8329119682312
152 26.38915491104126
153 28.074589014053345
154 24.192356824874878
155 178.63427543640137
156 96.2251877784729
157 45.71640634536743
158 28.280898809432983
159 28.738826990127563
160 176.93659806251526
161 122.65027046203613
162 24.15962290763855
163 29.589235544204712
164 27.95169949531555
165 187.35355067253113
166 29.081023454666138
167 28.852009534835815
168 46.16400074958801
169 34.66107511520386
170 49.78414845466614
171 46.8517107963562
172 34.25869870185852
173 150.50189781188965
174 27.505486965179443
175 41.37923049926758
176 68.64216732978821
177 28.97135615348816
178 27.950284957885742
179 48.86912298202515
180 26.555001974105835
181 164.9090518951416
182 69.47686815261841
183 105.93222212791443
184 73.96260952949524
185 27.09643268585205
186 195.0977132320404
187 39.13276433944702
188 54.079927921295166
189 28.13242745399475
190 27.08639645576477
191 28.232075214385986
192 73.85230755805969
193 27.497270584106445
194 281.98112201690674
195 75.94321727752686
196 41.170668601989746
197 27.307609796524048
198 73.506995677948
199 65.80804133415222
200 31.188899517059326
201 27.541990518569946
202 29.07005548477173
203 49.65614628791809
204 128.90486311912537
0 28.88955545425415
1 43.771880865097046
2 31.324138164520264
3 41.07376980781555
4 28.365885496139526
5 26.920995712280273
6 40.22637343406677
7 147.96487259864807
8 26.61017632484436
9 28.301557064056396
10 24.010268926620483
11 28.145748138427734
12 76.74972915649414
13 29.54146456718445
14 38.47869610786438
15 27.08477020263672
16 27.0161075592041
17 27.902576446533203
18 142.90775609016418
19 57.77738070487976
20 28.19973134994507
21 92.628662109375
22 31.79954195022583
23 31.58447790145874
24 24.455498218536377
25 57.32600164413452
26 39.780028104782104
27 298.802579164505
28 28.40995144844055
29 28.560389280319214
30 80.38453364372253
31 176.65049529075623
32 159.4217209815979
33 191.39021611213684
34 28.456832885742188
35 43.254152059555054
36 24.422606945037842
37 42.98985767364502
38 28.712974786758423
39 43.748878717422485
40 26.58071756362915
41 28.58908224105835
42 29.539981842041016
43 26.76341962814331
44 96.27925777435303
45 92.25032544136047
46 37.952475786209106
47 26.763092041015625
48 49.93252396583557
49 55.09396266937256
50 87.65268182754517
51 236.3088562488556
52 266.3949525356293
53 90.99489045143127
54 28.85354471206665
55 48.341031551361084
56 219.67418885231018
57 56.37993144989014
58 55.68072843551636
59 28.422929525375366
60 268.2155478000641
61 27.1214120388031
62 72.42726492881775
63 240.4287073612213
64 28.08541464805603
65 40.98210334777832
66 35.74693560600281
67 28.38302493095398
68 29.485568284988403
69 59.98523473739624
70 131.4537537097931
71 271.891521692276
72 28.100756645202637
73 100.04144597053528
74 63.44615864753723
75 133.0853979587555
76 58.25880694389343
77 41.56707453727722
78 96.2161054611206
79 29.29738688468933
80 265.68299746513367
81 40.8093638420105
82 27.139904260635376
83 27.11400008201599
84 28.649329662322998
85 129.79555010795593
86 29.9578275680542
87 203.292959690094
88 27.787801504135132
89 28.3500816822052
90 28.77619767189026
91 281.3685221672058
92 27.480347871780396
93 56.914244413375854
94 24.320589303970337
95 91.45688128471375
96 76.46634864807129
97 276.36243891716003
98 54.04299545288086
99 274.06877970695496
100 197.515465259552
101 204.24707984924316
102 28.25884747505188
103 33.34515047073364
104 131.14452052116394
105 50.94719433784485
106 24.739110469818115
107 65.85794472694397
108 92.68560028076172
109 27.09183645248413
110 27.412540197372437
111 31.54779624938965
112 198.65752863883972
113 27.429836988449097
114 28.309680700302124
115 31.030597448349
116 29.620542287826538
117 36.28846335411072
118 27.609346866607666
119 112.21726274490356
120 27.034980297088623
121 130.0550549030304
122 33.53140425682068
123 303.8274974822998
124 30.882710933685303
125 27.6587073802948
126 48.56382155418396
127 46.876198530197144
128 51.11650228500366
129 257.76918935775757
130 31.64835834503174
131 191.6084635257721
132 79.61684155464172
133 42.355549573898315
134 76.23363184928894
135 239.99934935569763
136 31.903729677200317
137 29.29512858390808
138 160.23871159553528
139 101.83979415893555
140 32.42067074775696
141 268.8825566768646
142 48.75084567070007
143 31.914337396621704
144 28.484516382217407
145 105.67660999298096
146 36.8135929107666
147 150.37581992149353
148 116.07498264312744
149 29.73013186454773
150 25.17340111732483
151 117.98727869987488
152 27.452725172042847
153 28.08710789680481
154 23.779807567596436
155 179.41490769386292
156 96.65339946746826
157 46.422836780548096
158 28.215310096740723
159 28.924028873443604
160 176.67531514167786
161 122.60909605026245
162 23.90792989730835
163 29.54370880126953
164 28.450072526931763
165 186.62249755859375
166 32.344977617263794
167 28.37599229812622
168 46.16261172294617
169 34.222492694854736
170 49.57854223251343
171 47.18750238418579
172 34.05422520637512
173 149.991943359375
174 27.94256353378296
175 41.351319789886475
176 68.5356855392456
177 28.76502823829651
178 28.679070472717285
179 48.01834750175476
180 27.80115056037903
181 166.40582609176636
182 69.58609509468079
183 105.96603846549988
184 74.66381669044495
185 26.898717880249023
186 196.7526683807373
187 36.923004150390625
188 54.92554688453674
189 28.49889588356018
190 27.206701278686523
191 27.470876216888428
192 74.3397490978241
193 27.39125657081604
194 280.7110044956207
195 75.170001745224
196 41.872700452804565
197 26.859793186187744
198 73.12677597999573
199 65.89849638938904
200 30.588611841201782
201 27.841637134552002
202 29.15926957130432
203 50.047741651535034
204 127.99234652519226
0 29.48640513420105
1 43.58878040313721
2 31.44605803489685
3 41.63612651824951
4 27.750608682632446
5 26.554888486862183
6 40.61881446838379
7 148.38068413734436
8 27.061334133148193
9 28.117257118225098
10 24.095182418823242
11 28.303302526474
12 75.96231269836426
13 29.630276918411255
14 37.63283109664917
15 27.064090967178345
16 26.927799463272095
17 28.25905156135559
18 143.04687476158142
19 56.900519371032715
20 28.774954557418823
21 92.62355041503906
22 32.01426577568054
23 31.98157048225403
24 24.480454206466675
25 57.3349506855011
26 39.728782176971436
27 298.9050085544586
28 28.8431134223938
29 28.172311305999756
30 79.79248690605164
31 176.46889686584473
32 158.55460238456726
33 191.29055094718933
34 27.888773679733276
35 43.86204719543457
36 24.314958095550537
37 42.79471778869629
38 28.836196899414062
39 43.768620014190674
40 25.969045639038086
41 28.014229774475098
42 29.080798625946045
43 27.497307300567627
44 94.14285826683044
45 92.50252366065979
46 37.59978461265564
47 27.65941548347473
48 49.48853540420532
49 56.080896615982056
50 86.52478766441345
51 235.66879177093506
52 266.6375765800476
53 90.7971510887146
54 28.22915005683899
55 48.81658959388733
56 218.29859828948975
57 56.74029207229614
58 56.37078499794006
59 27.948050022125244
60 267.0406565666199
61 26.970083236694336
62 71.64638924598694
63 241.28825283050537
64 27.12760591506958
65 41.66358137130737
66 36.59466743469238
67 28.55803370475769
68 28.95956802368164
69 60.43550419807434
70 131.09596276283264
71 271.1921751499176
72 29.066406726837158
73 100.61263418197632
74 62.755362033843994
75 132.9987223148346
76 58.76716709136963
77 42.391820192337036
78 96.58693361282349
79 29.863959312438965
80 264.10053515434265
81 40.030332803726196
82 27.133960247039795
83 27.44943380355835
84 29.151910305023193
85 130.9807586669922
86 29.560851573944092
87 205.7702054977417
88 26.90434169769287
89 27.861189365386963
90 27.363146781921387
91 282.4792296886444
92 27.48916983604431
93 56.96486735343933
94 24.743711471557617
95 91.12783098220825
96 75.83970642089844
97 275.94740653038025
98 53.1724054813385
99 275.4566299915314
100 197.01724457740784
101 203.63068890571594
102 28.134223461151123
103 32.626482009887695
104 131.96382761001587
105 49.81856560707092
106 24.0993754863739
107 65.31474900245667
108 90.96495461463928
109 27.203407287597656
110 27.76878833770752
111 30.668668270111084
112 198.96228408813477
113 27.132335424423218
114 27.869866371154785
115 31.63703227043152
116 29.59096908569336
117 36.402323961257935
118 27.199034452438354
119 111.53069043159485
120 27.62582564353943
121 129.61719822883606
122 33.507813692092896
123 303.8833124637604
124 30.684497594833374
125 27.872501611709595
126 48.61822247505188
127 46.909911155700684
128 51.54881477355957
129 257.1298260688782
130 32.209717750549316
131 190.8527274131775
132 80.27766823768616
133 42.057552099227905
134 75.81001830101013
135 236.55640268325806
136 31.44933557510376
137 28.56804585456848
138 158.96197843551636
139 101.42883086204529
140 32.04118061065674
141 268.5324056148529
142 47.728944301605225
143 32.25888729095459
144 28.436180591583252
145 105.50984597206116
146 36.19713044166565
147 150.78920531272888
148 114.80435252189636
149 30.070011138916016
150 25.038610219955444
151 117.50801301002502
152 26.718980073928833
153 28.283971071243286
154 24.351301431655884
155 178.05575156211853
156 96.77708697319031
157 46.11479163169861
158 28.686312437057495
159 28.55858874320984
160 176.87596607208252
161 122.26353526115417
162 24.536638975143433
163 30.046079874038696
164 28.64324951171875
165 187.44053769111633
166 29.29094099998474
167 28.831382274627686
168 46.78651762008667
169 35.519392251968384
170 50.04128909111023
171 47.23432731628418
172 34.108394145965576
173 151.52643585205078
174 27.250532150268555
175 41.82428812980652
176 68.62525701522827
177 29.403653144836426
178 28.793850421905518
179 49.15761685371399
180 27.2385892868042
181 166.3840868473053
182 70.16152024269104
183 106.79712295532227
184 74.23576045036316
185 27.22292470932007
186 197.70985746383667
187 37.188639879226685
188 54.81116008758545
189 28.546947717666626
190 27.543111562728882
191 27.689530849456787
192 74.38374423980713
193 27.605915784835815
194 282.26300573349
195 76.74293971061707
196 41.5800838470459
197 27.86902904510498
198 73.2493646144867
199 66.02155041694641
200 30.70286989212036
201 27.702895164489746
202 29.574287176132202
203 51.411916732788086
204 129.2598123550415
0 29.242018461227417
1 43.90559697151184
2 31.35236382484436
3 41.962372064590454
4 28.34931492805481
5 26.710988521575928
6 40.34663271903992
7 149.55441069602966
8 27.36689829826355
9 27.885007619857788
10 24.244139432907104
11 28.407909393310547
12 78.47066831588745
13 28.977248430252075
14 38.53252911567688
15 26.94678258895874
16 26.716084003448486
17 27.981249570846558
18 143.920081615448
19 57.274962186813354
20 28.133524656295776
21 93.4609444141388
22 32.09124422073364
23 32.04650664329529
24 23.918133020401
25 56.578346490859985
26 39.95624589920044
27 300.56301975250244
28 29.103355169296265
29 28.769744634628296
30 80.23671340942383
31 177.6457347869873
32 159.36890578269958
33 192.4467487335205
34 28.332261562347412
35 43.050238609313965
36 25.02574896812439
37 42.62470531463623
38 29.08712339401245
39 44.0818030834198
40 26.24829363822937
41 28.93696427345276
42 29.74851393699646
43 27.09219193458557
44 96.35568451881409
45 93.44746685028076
46 37.61960411071777
47 27.772092580795288
48 49.89863109588623
49 55.34564447402954
50 87.63265442848206
51 236.68610835075378
52 269.30170249938965
53 91.01294136047363
54 29.103623628616333
55 49.737653970718384
56 219.87411451339722
57 56.849908113479614
58 56.486522912979126
59 28.869211196899414
60 266.923264503479
61 27.52586030960083
62 72.84686017036438
63 241.36586499214172
64 27.957297563552856
65 40.889155864715576
66 36.25263953208923
67 28.463034629821777
68 29.15769386291504
69 60.88251996040344
70 132.402765750885
71 272.74549674987793
72 28.986717462539673
73 99.66445589065552
74 64.08081984519958
75 134.18857884407043
76 58.73820090293884
77 42.366209268569946
78 97.61038899421692
79 29.089380025863647
80 277.7038998603821
81 40.184226989746094
82 27.333259344100952
83 27.17508316040039
84 29.444421529769897
85 130.25435066223145
86 30.526063442230225
87 204.83289623260498
88 27.40771222114563
89 27.445515871047974
90 27.445541858673096
91 283.4377818107605
92 27.512877941131592
93 57.96904897689819
94 23.92975091934204
95 91.28027606010437
96 75.6203601360321
97 277.5544135570526
98 53.50728678703308
99 277.0756285190582
100 198.7959849834442
101 204.83728098869324
102 28.388028383255005
103 32.93780016899109
104 131.13370728492737
105 51.14765977859497
106 24.651129722595215
107 65.5801944732666
108 92.20970225334167
109 27.172214031219482
110 27.53150224685669
111 31.75814986228943
112 199.8891134262085
113 27.252567768096924
114 29.201475143432617
115 31.195549964904785
116 30.156946897506714
117 36.98403477668762
118 27.35094928741455
119 113.25176477432251
120 26.97881531715393
121 130.05349230766296
122 33.24067425727844
123 314.06535029411316
124 33.828657150268555
125 30.15721583366394
126 53.16675353050232
127 53.22161841392517
128 53.36602807044983
129 287.68841457366943
130 36.597476959228516
131 219.52957606315613
132 91.22324132919312
133 47.62659168243408
134 88.69088125228882
135 289.5068643093109
136 38.39883494377136
137 33.82370471954346
138 195.79751992225647
139 129.74713110923767
140 42.595311403274536
141 349.1180281639099
142 64.50225067138672
143 42.255024671554565
144 38.01258897781372
145 147.81745076179504
146 48.93844676017761
147 215.58292293548584
148 170.3723020553589
149 43.04597568511963
150 41.38035821914673
151 173.5306475162506
152 53.52631616592407
153 43.37798190116882
154 36.66761898994446
155 282.15466046333313
156 152.0644519329071
157 81.50668358802795
158 47.49018144607544
159 47.041839361190796
160 269.8948013782501
161 163.5896396636963
162 29.056730270385742
163 32.821453332901
164 30.83119821548462
165 238.3498342037201
166 32.43778991699219
167 35.736621379852295
168 50.88172626495361
169 40.31867027282715
170 62.02727699279785
171 55.6832160949707
172 39.07524228096008
173 171.36793732643127
174 35.949239015579224
175 44.674683809280396
176 73.46216177940369
177 32.71580147743225
178 32.63190007209778
179 55.87118911743164
180 31.87640929222107
181 191.25433778762817
182 86.26456499099731
183 121.55012679100037
184 93.40095400810242
185 38.324732065200806
186 238.34379315376282
187 43.3708176612854
188 61.070197343826294
189 31.607927322387695
190 35.061739444732666
191 31.204467058181763
192 84.2162766456604
193 30.47278332710266
194 328.416540145874
195 86.30916905403137
196 45.310521602630615
197 29.90026569366455
198 80.7246880531311
199 68.15249586105347
200 34.77372479438782
201 28.308935165405273
202 29.98435068130493
203 55.285393714904785
204 138.3878574371338
0 32.96650242805481
1 44.27061676979065
2 34.50990056991577
3 44.73573112487793
4 28.643126249313354
5 29.830806016921997
6 43.33161211013794
7 178.31250286102295
8 27.636170864105225
9 31.098731994628906
10 27.202365398406982
11 33.387768268585205
12 85.02183413505554
13 31.14667534828186
14 41.339028120040894
15 29.685876846313477
16 32.12577557563782
17 28.56791663169861
18 159.93815660476685
19 66.8872172832489
20 34.80392861366272
21 112.41301417350769
22 45.23401379585266
23 42.09130501747131
24 27.386870861053467
25 75.7341034412384
26 50.5572235584259
27 365.7623357772827
28 32.48396015167236
29 32.36637783050537
30 94.83041667938232
31 209.46288084983826
32 186.0908486843109
33 232.59824681282043
34 36.02951455116272
35 49.887322664260864
36 27.504825592041016
37 50.715112924575806
38 36.51104760169983
39 54.005573749542236
40 29.632187604904175
41 31.957383632659912
42 33.576815605163574
43 30.582598447799683
44 119.81163549423218
45 109.800119638443
46 46.01650023460388
47 30.95478320121765
48 62.3083233833313
49 72.53420519828796
50 113.70357632637024
51 294.6186378002167
52 321.6845018863678
53 114.27665662765503
54 33.58928108215332
55 59.72999858856201
56 290.25027418136597
57 68.29018139839172
58 64.73305535316467
59 34.1624972820282
60 336.05693554878235
61 37.111586809158325
62 89.40481352806091
63 303.817666053772
64 35.83899450302124
65 54.86846399307251
66 45.009207010269165
67 35.68469429016113
68 37.451765298843384
69 72.37773323059082
70 168.64491391181946
71 343.5920248031616
72 37.84069490432739
73 133.45160341262817
74 80.65248918533325
75 165.14954233169556
76 73.83101034164429
77 55.209301233291626
78 128.69522905349731
79 37.860700368881226
80 347.88089084625244
81 54.795429706573486
82 33.563435077667236
83 35.79813480377197
84 39.891175508499146
85 163.47239542007446
86 38.784451961517334
